   0.000000000000000    90.000000000000000     0.000854591172513
 180.000000000000000    90.000000000000000     0.000854591172513
  90.000000000000000    90.000000000000000     0.000854591172513
 -90.000000000000000    90.000000000000000     0.000854591172513
  90.000000000000000     0.000000000000000     0.000854591172513
  90.000000000000000   180.000000000000000     0.000854591172513
  45.000000000000000    54.735610317245346     0.003599119285026
  45.000000000000000   125.264389682754654     0.003599119285026
 -45.000000000000000    54.735610317245346     0.003599119285026
 -45.000000000000000   125.264389682754654     0.003599119285026
 135.000000000000000    54.735610317245346     0.003599119285026
 135.000000000000000   125.264389682754654     0.003599119285026
-135.000000000000000    54.735610317245346     0.003599119285026
-135.000000000000000   125.264389682754654     0.003599119285026
  45.000000000000000    29.814042555186397     0.003449788424306
  45.000000000000000   150.185957444813624     0.003449788424306
 -45.000000000000000    29.814042555186397     0.003449788424306
 -45.000000000000000   150.185957444813624     0.003449788424306
 135.000000000000000    29.814042555186397     0.003449788424306
 135.000000000000000   150.185957444813624     0.003449788424306
-135.000000000000000    29.814042555186397     0.003449788424306
-135.000000000000000   150.185957444813624     0.003449788424306
  67.942501607705182    69.416991670889900     0.003449788424306
 -67.942501607705182    69.416991670889900     0.003449788424306
  67.942501607705182   110.583008329110100     0.003449788424306
 -67.942501607705182   110.583008329110100     0.003449788424306
 112.057498392294832    69.416991670889900     0.003449788424306
-112.057498392294832    69.416991670889900     0.003449788424306
 112.057498392294832   110.583008329110100     0.003449788424306
-112.057498392294832   110.583008329110100     0.003449788424306
  22.057498392294839    69.416991670889900     0.003449788424306
 157.942501607705168    69.416991670889900     0.003449788424306
  22.057498392294839   110.583008329110100     0.003449788424306
 157.942501607705168   110.583008329110100     0.003449788424306
 -22.057498392294839    69.416991670889900     0.003449788424306
-157.942501607705168    69.416991670889900     0.003449788424306
 -22.057498392294839   110.583008329110100     0.003449788424306
-157.942501607705168   110.583008329110100     0.003449788424306
  45.000000000000000    68.220588116223922     0.003604822601420
  45.000000000000000   111.779411883776078     0.003604822601420
 -45.000000000000000    68.220588116223922     0.003604822601420
 -45.000000000000000   111.779411883776078     0.003604822601420
 135.000000000000000    68.220588116223922     0.003604822601420
 135.000000000000000   111.779411883776078     0.003604822601420
-135.000000000000000    68.220588116223922     0.003604822601420
-135.000000000000000   111.779411883776078     0.003604822601420
  29.468866833595932    48.956415531401440     0.003604822601420
 -29.468866833595932    48.956415531401440     0.003604822601420
  29.468866833595932   131.043584468598567     0.003604822601420
 -29.468866833595932   131.043584468598567     0.003604822601420
 150.531133166404089    48.956415531401440     0.003604822601420
-150.531133166404089    48.956415531401440     0.003604822601420
 150.531133166404089   131.043584468598567     0.003604822601420
-150.531133166404089   131.043584468598567     0.003604822601420
  60.531133166404068    48.956415531401440     0.003604822601420
 119.468866833595953    48.956415531401440     0.003604822601420
  60.531133166404068   131.043584468598567     0.003604822601420
 119.468866833595953   131.043584468598567     0.003604822601420
 -60.531133166404068    48.956415531401440     0.003604822601420
-119.468866833595953    48.956415531401440     0.003604822601420
 -60.531133166404068   131.043584468598567     0.003604822601420
-119.468866833595953   131.043584468598567     0.003604822601420
  45.000000000000000    41.973687113853750     0.003576729661743
  45.000000000000000   138.026312886146258     0.003576729661743
 -45.000000000000000    41.973687113853750     0.003576729661743
 -45.000000000000000   138.026312886146258     0.003576729661743
 135.000000000000000    41.973687113853750     0.003576729661743
 135.000000000000000   138.026312886146258     0.003576729661743
-135.000000000000000    41.973687113853750     0.003576729661743
-135.000000000000000   138.026312886146258     0.003576729661743
  57.539803508796211    61.776940917333469     0.003576729661743
 -57.539803508796211    61.776940917333469     0.003576729661743
  57.539803508796211   118.223059082666538     0.003576729661743
 -57.539803508796211   118.223059082666538     0.003576729661743
 122.460196491203803    61.776940917333469     0.003576729661743
-122.460196491203803    61.776940917333469     0.003576729661743
 122.460196491203803   118.223059082666538     0.003576729661743
-122.460196491203803   118.223059082666538     0.003576729661743
  32.460196491203796    61.776940917333469     0.003576729661743
 147.539803508796240    61.776940917333469     0.003576729661743
  32.460196491203796   118.223059082666538     0.003576729661743
 147.539803508796240   118.223059082666538     0.003576729661743
 -32.460196491203796    61.776940917333469     0.003576729661743
-147.539803508796240    61.776940917333469     0.003576729661743
 -32.460196491203796   118.223059082666538     0.003576729661743
-147.539803508796240   118.223059082666538     0.003576729661743
  45.000000000000000     7.817803670465912     0.002352101413689
  45.000000000000000   172.182196329534094     0.002352101413689
 -45.000000000000000     7.817803670465912     0.002352101413689
 -45.000000000000000   172.182196329534094     0.002352101413689
 135.000000000000000     7.817803670465912     0.002352101413689
 135.000000000000000   172.182196329534094     0.002352101413689
-135.000000000000000     7.817803670465912     0.002352101413689
-135.000000000000000   172.182196329534094     0.002352101413689
  84.454793069962349    84.480582549841543     0.002352101413689
 -84.454793069962349    84.480582549841543     0.002352101413689
  84.454793069962349    95.519417450158457     0.002352101413689
 -84.454793069962349    95.519417450158457     0.002352101413689
  95.545206930037665    84.480582549841543     0.002352101413689
 -95.545206930037665    84.480582549841543     0.002352101413689
  95.545206930037665    95.519417450158457     0.002352101413689
 -95.545206930037665    95.519417450158457     0.002352101413689
   5.545206930037625    84.480582549841543     0.002352101413689
 174.454793069962392    84.480582549841543     0.002352101413689
   5.545206930037625    95.519417450158457     0.002352101413689
 174.454793069962392    95.519417450158457     0.002352101413689
  -5.545206930037625    84.480582549841543     0.002352101413689
-174.454793069962392    84.480582549841543     0.002352101413689
  -5.545206930037625    95.519417450158457     0.002352101413689
-174.454793069962392    95.519417450158457     0.002352101413689
  45.000000000000000    18.294736765281037     0.003108953122414
  45.000000000000000   161.705263234718984     0.003108953122414
 -45.000000000000000    18.294736765281037     0.003108953122414
 -45.000000000000000   161.705263234718984     0.003108953122414
 135.000000000000000    18.294736765281037     0.003108953122414
 135.000000000000000   161.705263234718984     0.003108953122414
-135.000000000000000    18.294736765281037     0.003108953122414
-135.000000000000000   161.705263234718984     0.003108953122414
  76.841646824121170    77.175554831190041     0.003108953122414
 -76.841646824121170    77.175554831190041     0.003108953122414
  76.841646824121170   102.824445168809973     0.003108953122414
 -76.841646824121170   102.824445168809973     0.003108953122414
 103.158353175878844    77.175554831190041     0.003108953122414
-103.158353175878844    77.175554831190041     0.003108953122414
 103.158353175878844   102.824445168809973     0.003108953122414
-103.158353175878844   102.824445168809973     0.003108953122414
  13.158353175878847    77.175554831190041     0.003108953122414
 166.841646824121142    77.175554831190041     0.003108953122414
  13.158353175878847   102.824445168809973     0.003108953122414
 166.841646824121142   102.824445168809973     0.003108953122414
 -13.158353175878847    77.175554831190041     0.003108953122414
-166.841646824121142    77.175554831190041     0.003108953122414
 -13.158353175878847   102.824445168809973     0.003108953122414
-166.841646824121142   102.824445168809973     0.003108953122414
  45.000000000000000    82.574399648952948     0.003650045807677
  45.000000000000000    97.425600351047052     0.003650045807677
 -45.000000000000000    82.574399648952948     0.003650045807677
 -45.000000000000000    97.425600351047052     0.003650045807677
 135.000000000000000    82.574399648952948     0.003650045807677
 135.000000000000000    97.425600351047052     0.003650045807677
-135.000000000000000    82.574399648952948     0.003650045807677
-135.000000000000000    97.425600351047052     0.003650045807677
  10.443367426903567    45.478517483553993     0.003650045807677
 -10.443367426903567    45.478517483553993     0.003650045807677
  10.443367426903567   134.521482516446014     0.003650045807677
 -10.443367426903567   134.521482516446014     0.003650045807677
 169.556632573096437    45.478517483553993     0.003650045807677
-169.556632573096437    45.478517483553993     0.003650045807677
 169.556632573096437   134.521482516446014     0.003650045807677
-169.556632573096437   134.521482516446014     0.003650045807677
  79.556632573096422    45.478517483553993     0.003650045807677
 100.443367426903578    45.478517483553993     0.003650045807677
  79.556632573096422   134.521482516446014     0.003650045807677
 100.443367426903578   134.521482516446014     0.003650045807677
 -79.556632573096422    45.478517483553993     0.003650045807677
-100.443367426903578    45.478517483553993     0.003650045807677
 -79.556632573096422   134.521482516446014     0.003650045807677
-100.443367426903578   134.521482516446014     0.003650045807677
  74.667787939089479    90.000000000000000     0.002982344963172
 -74.667787939089479    90.000000000000000     0.002982344963172
 105.332212060910535    90.000000000000000     0.002982344963172
-105.332212060910535    90.000000000000000     0.002982344963172
  15.332212060910527    90.000000000000000     0.002982344963172
 -15.332212060910527    90.000000000000000     0.002982344963172
 164.667787939089465    90.000000000000000     0.002982344963172
-164.667787939089465    90.000000000000000     0.002982344963172
   0.000000000000000    15.332212060910527     0.002982344963172
   0.000000000000000   164.667787939089465     0.002982344963172
 180.000000000000000    15.332212060910527     0.002982344963172
 180.000000000000000   164.667787939089465     0.002982344963172
   0.000000000000000    74.667787939089479     0.002982344963172
   0.000000000000000   105.332212060910535     0.002982344963172
 180.000000000000000    74.667787939089479     0.002982344963172
 180.000000000000000   105.332212060910535     0.002982344963172
  90.000000000000000    15.332212060910527     0.002982344963172
  90.000000000000000   164.667787939089465     0.002982344963172
 -90.000000000000000    15.332212060910527     0.002982344963172
 -90.000000000000000   164.667787939089465     0.002982344963172
  90.000000000000000    74.667787939089479     0.002982344963172
  90.000000000000000   105.332212060910535     0.002982344963172
 -90.000000000000000    74.667787939089479     0.002982344963172
 -90.000000000000000   105.332212060910535     0.002982344963172
  55.117482988426623    90.000000000000000     0.003600820932216
 -55.117482988426623    90.000000000000000     0.003600820932216
 124.882517011573370    90.000000000000000     0.003600820932216
-124.882517011573370    90.000000000000000     0.003600820932216
  34.882517011573377    90.000000000000000     0.003600820932216
 -34.882517011573377    90.000000000000000     0.003600820932216
 145.117482988426616    90.000000000000000     0.003600820932216
-145.117482988426616    90.000000000000000     0.003600820932216
   0.000000000000000    34.882517011573377     0.003600820932216
   0.000000000000000   145.117482988426616     0.003600820932216
 180.000000000000000    34.882517011573377     0.003600820932216
 180.000000000000000   145.117482988426616     0.003600820932216
   0.000000000000000    55.117482988426623     0.003600820932216
   0.000000000000000   124.882517011573370     0.003600820932216
 180.000000000000000    55.117482988426623     0.003600820932216
 180.000000000000000   124.882517011573370     0.003600820932216
  90.000000000000000    34.882517011573377     0.003600820932216
  90.000000000000000   145.117482988426616     0.003600820932216
 -90.000000000000000    34.882517011573377     0.003600820932216
 -90.000000000000000   145.117482988426616     0.003600820932216
  90.000000000000000    55.117482988426623     0.003600820932216
  90.000000000000000   124.882517011573370     0.003600820932216
 -90.000000000000000    55.117482988426623     0.003600820932216
 -90.000000000000000   124.882517011573370     0.003600820932216
  72.582012277827204    56.984374277062003     0.003571540554273
  72.582012277827204   123.015625722937997     0.003571540554273
 -72.582012277827204    56.984374277062003     0.003571540554273
 -72.582012277827204   123.015625722937997     0.003571540554273
 107.417987722172811    56.984374277062003     0.003571540554273
 107.417987722172811   123.015625722937997     0.003571540554273
-107.417987722172811    56.984374277062003     0.003571540554273
-107.417987722172811   123.015625722937997     0.003571540554273
  65.265958622830340    36.862950027510657     0.003571540554273
  65.265958622830340   143.137049972489365     0.003571540554273
 -65.265958622830340    36.862950027510657     0.003571540554273
 -65.265958622830340   143.137049972489365     0.003571540554273
 114.734041377169675    36.862950027510657     0.003571540554273
 114.734041377169675   143.137049972489365     0.003571540554273
-114.734041377169675    36.862950027510657     0.003571540554273
-114.734041377169675   143.137049972489365     0.003571540554273
  17.417987722172793    56.984374277062003     0.003571540554273
  17.417987722172793   123.015625722937997     0.003571540554273
 -17.417987722172793    56.984374277062003     0.003571540554273
 -17.417987722172793   123.015625722937997     0.003571540554273
 162.582012277827204    56.984374277062003     0.003571540554273
 162.582012277827204   123.015625722937997     0.003571540554273
-162.582012277827204    56.984374277062003     0.003571540554273
-162.582012277827204   123.015625722937997     0.003571540554273
  34.255753357710461    75.463099386767482     0.003571540554273
  34.255753357710461   104.536900613232518     0.003571540554273
 -34.255753357710461    75.463099386767482     0.003571540554273
 -34.255753357710461   104.536900613232518     0.003571540554273
 145.744246642289539    75.463099386767482     0.003571540554273
 145.744246642289539   104.536900613232518     0.003571540554273
-145.744246642289539    75.463099386767482     0.003571540554273
-145.744246642289539   104.536900613232518     0.003571540554273
  24.734041377169671    36.862950027510657     0.003571540554273
  24.734041377169671   143.137049972489365     0.003571540554273
 -24.734041377169671    36.862950027510657     0.003571540554273
 -24.734041377169671   143.137049972489365     0.003571540554273
 155.265958622830340    36.862950027510657     0.003571540554273
 155.265958622830340   143.137049972489365     0.003571540554273
-155.265958622830340    36.862950027510657     0.003571540554273
-155.265958622830340   143.137049972489365     0.003571540554273
  55.744246642289546    75.463099386767482     0.003571540554273
  55.744246642289546   104.536900613232518     0.003571540554273
 -55.744246642289546    75.463099386767482     0.003571540554273
 -55.744246642289546   104.536900613232518     0.003571540554273
 124.255753357710446    75.463099386767482     0.003571540554273
 124.255753357710446   104.536900613232518     0.003571540554273
-124.255753357710446    75.463099386767482     0.003571540554273
-124.255753357710446   104.536900613232518     0.003571540554273
  73.361502471943894    25.518992326994411     0.003392312205006
  73.361502471943894   154.481007673005593     0.003392312205006
 -73.361502471943894    25.518992326994411     0.003392312205006
 -73.361502471943894   154.481007673005593     0.003392312205006
 106.638497528056106    25.518992326994411     0.003392312205006
 106.638497528056106   154.481007673005593     0.003392312205006
-106.638497528056106    25.518992326994411     0.003392312205006
-106.638497528056106   154.481007673005593     0.003392312205006
  82.216477894742454    65.620887449200765     0.003392312205006
  82.216477894742454   114.379112550799249     0.003392312205006
 -82.216477894742454    65.620887449200765     0.003392312205006
 -82.216477894742454   114.379112550799249     0.003392312205006
  97.783522105257546    65.620887449200765     0.003392312205006
  97.783522105257546   114.379112550799249     0.003392312205006
 -97.783522105257546    65.620887449200765     0.003392312205006
 -97.783522105257546   114.379112550799249     0.003392312205006
  16.638497528056106    25.518992326994411     0.003392312205006
  16.638497528056106   154.481007673005593     0.003392312205006
 -16.638497528056106    25.518992326994411     0.003392312205006
 -16.638497528056106   154.481007673005593     0.003392312205006
 163.361502471943908    25.518992326994411     0.003392312205006
 163.361502471943908   154.481007673005593     0.003392312205006
-163.361502471943908    25.518992326994411     0.003392312205006
-163.361502471943908   154.481007673005593     0.003392312205006
  65.420895658896626    82.914239455123891     0.003392312205006
  65.420895658896626    97.085760544876123     0.003392312205006
 -65.420895658896626    82.914239455123891     0.003392312205006
 -65.420895658896626    97.085760544876123     0.003392312205006
 114.579104341103374    82.914239455123891     0.003392312205006
 114.579104341103374    97.085760544876123     0.003392312205006
-114.579104341103374    82.914239455123891     0.003392312205006
-114.579104341103374    97.085760544876123     0.003392312205006
   7.783522105257548    65.620887449200765     0.003392312205006
   7.783522105257548   114.379112550799249     0.003392312205006
  -7.783522105257548    65.620887449200765     0.003392312205006
  -7.783522105257548   114.379112550799249     0.003392312205006
 172.216477894742468    65.620887449200765     0.003392312205006
 172.216477894742468   114.379112550799249     0.003392312205006
-172.216477894742468    65.620887449200765     0.003392312205006
-172.216477894742468   114.379112550799249     0.003392312205006
  24.579104341103378    82.914239455123891     0.003392312205006
  24.579104341103378    97.085760544876123     0.003392312205006
 -24.579104341103378    82.914239455123891     0.003392312205006
 -24.579104341103378    97.085760544876123     0.003392312205006
 155.420895658896626    82.914239455123891     0.003392312205006
 155.420895658896626    97.085760544876123     0.003392312205006
-155.420895658896626    82.914239455123891     0.003392312205006
-155.420895658896626    97.085760544876123     0.003392312205006
