   0.000000000000000    90.000000000000000     0.003006796749454
 180.000000000000000    90.000000000000000     0.003006796749454
  90.000000000000000    90.000000000000000     0.003006796749454
 -90.000000000000000    90.000000000000000     0.003006796749454
  90.000000000000000     0.000000000000000     0.003006796749454
  90.000000000000000   180.000000000000000     0.003006796749454
  45.000000000000000    54.735610317245346     0.003050627745651
  45.000000000000000   125.264389682754654     0.003050627745651
 -45.000000000000000    54.735610317245346     0.003050627745651
 -45.000000000000000   125.264389682754654     0.003050627745651
 135.000000000000000    54.735610317245346     0.003050627745651
 135.000000000000000   125.264389682754654     0.003050627745651
-135.000000000000000    54.735610317245346     0.003050627745651
-135.000000000000000   125.264389682754654     0.003050627745651
  45.000000000000000    88.602801250740413     0.001621104600289
  45.000000000000000    91.397198749259601     0.001621104600289
 -45.000000000000000    88.602801250740413     0.001621104600289
 -45.000000000000000    91.397198749259601     0.001621104600289
 135.000000000000000    88.602801250740413     0.001621104600289
 135.000000000000000    91.397198749259601     0.001621104600289
-135.000000000000000    88.602801250740413     0.001621104600289
-135.000000000000000    91.397198749259601     0.001621104600289
   1.975545934296318    45.017032472086477     0.001621104600289
  -1.975545934296318    45.017032472086477     0.001621104600289
   1.975545934296318   134.982967527913530     0.001621104600289
  -1.975545934296318   134.982967527913530     0.001621104600289
 178.024454065703708    45.017032472086477     0.001621104600289
-178.024454065703708    45.017032472086477     0.001621104600289
 178.024454065703708   134.982967527913530     0.001621104600289
-178.024454065703708   134.982967527913530     0.001621104600289
  88.024454065703750    45.017032472086477     0.001621104600289
  91.975545934296250    45.017032472086477     0.001621104600289
  88.024454065703750   134.982967527913530     0.001621104600289
  91.975545934296250   134.982967527913530     0.001621104600289
 -88.024454065703750    45.017032472086477     0.001621104600289
 -91.975545934296250    45.017032472086477     0.001621104600289
 -88.024454065703750   134.982967527913530     0.001621104600289
 -91.975545934296250   134.982967527913530     0.001621104600289
  45.000000000000000    42.693050015465303     0.003005701484902
  45.000000000000000   137.306949984534697     0.003005701484902
 -45.000000000000000    42.693050015465303     0.003005701484902
 -45.000000000000000   137.306949984534697     0.003005701484902
 135.000000000000000    42.693050015465303     0.003005701484902
 135.000000000000000   137.306949984534697     0.003005701484902
-135.000000000000000    42.693050015465303     0.003005701484902
-135.000000000000000   137.306949984534697     0.003005701484902
  56.881959338699922    61.349320835768317     0.003005701484902
 -56.881959338699922    61.349320835768317     0.003005701484902
  56.881959338699922   118.650679164231690     0.003005701484902
 -56.881959338699922   118.650679164231690     0.003005701484902
 123.118040661300071    61.349320835768317     0.003005701484902
-123.118040661300071    61.349320835768317     0.003005701484902
 123.118040661300071   118.650679164231690     0.003005701484902
-123.118040661300071   118.650679164231690     0.003005701484902
  33.118040661300078    61.349320835768317     0.003005701484902
 146.881959338699914    61.349320835768317     0.003005701484902
  33.118040661300078   118.650679164231690     0.003005701484902
 146.881959338699914   118.650679164231690     0.003005701484902
 -33.118040661300078    61.349320835768317     0.003005701484902
-146.881959338699914    61.349320835768317     0.003005701484902
 -33.118040661300078   118.650679164231690     0.003005701484902
-146.881959338699914   118.650679164231690     0.003005701484902
  45.000000000000000    15.818704467141178     0.002990992529654
  45.000000000000000   164.181295532858826     0.002990992529654
 -45.000000000000000    15.818704467141178     0.002990992529654
 -45.000000000000000   164.181295532858826     0.002990992529654
 135.000000000000000    15.818704467141178     0.002990992529654
 135.000000000000000   164.181295532858826     0.002990992529654
-135.000000000000000    15.818704467141178     0.002990992529654
-135.000000000000000   164.181295532858826     0.002990992529654
  78.671315649278242    78.886491669313898     0.002990992529654
 -78.671315649278242    78.886491669313898     0.002990992529654
  78.671315649278242   101.113508330686116     0.002990992529654
 -78.671315649278242   101.113508330686116     0.002990992529654
 101.328684350721758    78.886491669313898     0.002990992529654
-101.328684350721758    78.886491669313898     0.002990992529654
 101.328684350721758   101.113508330686116     0.002990992529654
-101.328684350721758   101.113508330686116     0.002990992529654
  11.328684350721748    78.886491669313898     0.002990992529654
 168.671315649278256    78.886491669313898     0.002990992529654
  11.328684350721748   101.113508330686116     0.002990992529654
 168.671315649278256   101.113508330686116     0.002990992529654
 -11.328684350721748    78.886491669313898     0.002990992529654
-168.671315649278256    78.886491669313898     0.002990992529654
 -11.328684350721748   101.113508330686116     0.002990992529654
-168.671315649278256   101.113508330686116     0.002990992529654
  45.000000000000000    78.550666537337108     0.002982170644108
  45.000000000000000   101.449333462662906     0.002982170644108
 -45.000000000000000    78.550666537337108     0.002982170644108
 -45.000000000000000   101.449333462662906     0.002982170644108
 135.000000000000000    78.550666537337108     0.002982170644108
 135.000000000000000   101.449333462662906     0.002982170644108
-135.000000000000000    78.550666537337108     0.002982170644108
-135.000000000000000   101.449333462662906     0.002982170644108
  15.982924417763872    46.129098524640717     0.002982170644108
 -15.982924417763872    46.129098524640717     0.002982170644108
  15.982924417763872   133.870901475359290     0.002982170644108
 -15.982924417763872   133.870901475359290     0.002982170644108
 164.017075582236146    46.129098524640717     0.002982170644108
-164.017075582236146    46.129098524640717     0.002982170644108
 164.017075582236146   133.870901475359290     0.002982170644108
-164.017075582236146   133.870901475359290     0.002982170644108
  74.017075582236146    46.129098524640717     0.002982170644108
 105.982924417763869    46.129098524640717     0.002982170644108
  74.017075582236146   133.870901475359290     0.002982170644108
 105.982924417763869   133.870901475359290     0.002982170644108
 -74.017075582236146    46.129098524640717     0.002982170644108
-105.982924417763869    46.129098524640717     0.002982170644108
 -74.017075582236146   133.870901475359290     0.002982170644108
-105.982924417763869   133.870901475359290     0.002982170644108
  45.000000000000000    30.683213642808504     0.002721564237311
  45.000000000000000   149.316786357191489     0.002721564237311
 -45.000000000000000    30.683213642808504     0.002721564237311
 -45.000000000000000   149.316786357191489     0.002721564237311
 135.000000000000000    30.683213642808504     0.002721564237311
 135.000000000000000   149.316786357191489     0.002721564237311
-135.000000000000000    30.683213642808504     0.002721564237311
-135.000000000000000   149.316786357191489     0.002721564237311
  67.238582765754273    68.848809092465586     0.002721564237311
 -67.238582765754273    68.848809092465586     0.002721564237311
  67.238582765754273   111.151190907534414     0.002721564237311
 -67.238582765754273   111.151190907534414     0.002721564237311
 112.761417234245741    68.848809092465586     0.002721564237311
-112.761417234245741    68.848809092465586     0.002721564237311
 112.761417234245741   111.151190907534414     0.002721564237311
-112.761417234245741   111.151190907534414     0.002721564237311
  22.761417234245737    68.848809092465586     0.002721564237311
 157.238582765754273    68.848809092465586     0.002721564237311
  22.761417234245737   111.151190907534414     0.002721564237311
 157.238582765754273   111.151190907534414     0.002721564237311
 -22.761417234245737    68.848809092465586     0.002721564237311
-157.238582765754273    68.848809092465586     0.002721564237311
 -22.761417234245737   111.151190907534414     0.002721564237311
-157.238582765754273   111.151190907534414     0.002721564237311
  45.000000000000000    66.783917495614503     0.003033513795811
  45.000000000000000   113.216082504385511     0.003033513795811
 -45.000000000000000    66.783917495614503     0.003033513795811
 -45.000000000000000   113.216082504385511     0.003033513795811
 135.000000000000000    66.783917495614503     0.003033513795811
 135.000000000000000   113.216082504385511     0.003033513795811
-135.000000000000000    66.783917495614503     0.003033513795811
-135.000000000000000   113.216082504385511     0.003033513795811
  31.241110872897707    49.469810847310406     0.003033513795811
 -31.241110872897707    49.469810847310406     0.003033513795811
  31.241110872897707   130.530189152689616     0.003033513795811
 -31.241110872897707   130.530189152689616     0.003033513795811
 148.758889127102293    49.469810847310406     0.003033513795811
-148.758889127102293    49.469810847310406     0.003033513795811
 148.758889127102293   130.530189152689616     0.003033513795811
-148.758889127102293   130.530189152689616     0.003033513795811
  58.758889127102286    49.469810847310406     0.003033513795811
 121.241110872897721    49.469810847310406     0.003033513795811
  58.758889127102286   130.530189152689616     0.003033513795811
 121.241110872897721   130.530189152689616     0.003033513795811
 -58.758889127102286    49.469810847310406     0.003033513795811
-121.241110872897721    49.469810847310406     0.003033513795811
 -58.758889127102286   130.530189152689616     0.003033513795811
-121.241110872897721   130.530189152689616     0.003033513795811
  78.854889699635677    90.000000000000000     0.003007949555219
 -78.854889699635677    90.000000000000000     0.003007949555219
 101.145110300364323    90.000000000000000     0.003007949555219
-101.145110300364323    90.000000000000000     0.003007949555219
  11.145110300364324    90.000000000000000     0.003007949555219
 -11.145110300364324    90.000000000000000     0.003007949555219
 168.854889699635663    90.000000000000000     0.003007949555219
-168.854889699635663    90.000000000000000     0.003007949555219
   0.000000000000000    11.145110300364324     0.003007949555219
   0.000000000000000   168.854889699635663     0.003007949555219
 180.000000000000000    11.145110300364324     0.003007949555219
 180.000000000000000   168.854889699635663     0.003007949555219
   0.000000000000000    78.854889699635677     0.003007949555219
   0.000000000000000   101.145110300364323     0.003007949555219
 180.000000000000000    78.854889699635677     0.003007949555219
 180.000000000000000   101.145110300364323     0.003007949555219
  90.000000000000000    11.145110300364324     0.003007949555219
  90.000000000000000   168.854889699635663     0.003007949555219
 -90.000000000000000    11.145110300364324     0.003007949555219
 -90.000000000000000   168.854889699635663     0.003007949555219
  90.000000000000000    78.854889699635677     0.003007949555219
  90.000000000000000   101.145110300364323     0.003007949555219
 -90.000000000000000    78.854889699635677     0.003007949555219
 -90.000000000000000   101.145110300364323     0.003007949555219
  67.663251661396046    90.000000000000000     0.002881964603055
 -67.663251661396046    90.000000000000000     0.002881964603055
 112.336748338603968    90.000000000000000     0.002881964603055
-112.336748338603968    90.000000000000000     0.002881964603055
  22.336748338603954    90.000000000000000     0.002881964603055
 -22.336748338603954    90.000000000000000     0.002881964603055
 157.663251661396060    90.000000000000000     0.002881964603055
-157.663251661396060    90.000000000000000     0.002881964603055
   0.000000000000000    22.336748338603954     0.002881964603055
   0.000000000000000   157.663251661396060     0.002881964603055
 180.000000000000000    22.336748338603954     0.002881964603055
 180.000000000000000   157.663251661396060     0.002881964603055
   0.000000000000000    67.663251661396046     0.002881964603055
   0.000000000000000   112.336748338603968     0.002881964603055
 180.000000000000000    67.663251661396046     0.002881964603055
 180.000000000000000   112.336748338603968     0.002881964603055
  90.000000000000000    22.336748338603954     0.002881964603055
  90.000000000000000   157.663251661396060     0.002881964603055
 -90.000000000000000    22.336748338603954     0.002881964603055
 -90.000000000000000   157.663251661396060     0.002881964603055
  90.000000000000000    67.663251661396046     0.002881964603055
  90.000000000000000   112.336748338603968     0.002881964603055
 -90.000000000000000    67.663251661396046     0.002881964603055
 -90.000000000000000   112.336748338603968     0.002881964603055
  69.925921097753488    57.647743409602072     0.002958357626536
  69.925921097753488   122.352256590397928     0.002958357626536
 -69.925921097753488    57.647743409602072     0.002958357626536
 -69.925921097753488   122.352256590397928     0.002958357626536
 110.074078902246526    57.647743409602072     0.002958357626536
 110.074078902246526   122.352256590397928     0.002958357626536
-110.074078902246526    57.647743409602072     0.002958357626536
-110.074078902246526   122.352256590397928     0.002958357626536
  61.548995377072693    37.490545204986354     0.002958357626536
  61.548995377072693   142.509454795013653     0.002958357626536
 -61.548995377072693    37.490545204986354     0.002958357626536
 -61.548995377072693   142.509454795013653     0.002958357626536
 118.451004622927314    37.490545204986354     0.002958357626536
 118.451004622927314   142.509454795013653     0.002958357626536
-118.451004622927314    37.490545204986354     0.002958357626536
-118.451004622927314   142.509454795013653     0.002958357626536
  20.074078902246526    57.647743409602072     0.002958357626536
  20.074078902246526   122.352256590397928     0.002958357626536
 -20.074078902246526    57.647743409602072     0.002958357626536
 -20.074078902246526   122.352256590397928     0.002958357626536
 159.925921097753502    57.647743409602072     0.002958357626536
 159.925921097753502   122.352256590397928     0.002958357626536
-159.925921097753502    57.647743409602072     0.002958357626536
-159.925921097753502   122.352256590397928     0.002958357626536
  33.996610669866719    73.144685205987770     0.002958357626536
  33.996610669866719   106.855314794012244     0.002958357626536
 -33.996610669866719    73.144685205987770     0.002958357626536
 -33.996610669866719   106.855314794012244     0.002958357626536
 146.003389330133274    73.144685205987770     0.002958357626536
 146.003389330133274   106.855314794012244     0.002958357626536
-146.003389330133274    73.144685205987770     0.002958357626536
-146.003389330133274   106.855314794012244     0.002958357626536
  28.451004622927311    37.490545204986354     0.002958357626536
  28.451004622927311   142.509454795013653     0.002958357626536
 -28.451004622927311    37.490545204986354     0.002958357626536
 -28.451004622927311   142.509454795013653     0.002958357626536
 151.548995377072714    37.490545204986354     0.002958357626536
 151.548995377072714   142.509454795013653     0.002958357626536
-151.548995377072714    37.490545204986354     0.002958357626536
-151.548995377072714   142.509454795013653     0.002958357626536
  56.003389330133281    73.144685205987770     0.002958357626536
  56.003389330133281   106.855314794012244     0.002958357626536
 -56.003389330133281    73.144685205987770     0.002958357626536
 -56.003389330133281   106.855314794012244     0.002958357626536
 123.996610669866726    73.144685205987770     0.002958357626536
 123.996610669866726   106.855314794012244     0.002958357626536
-123.996610669866726    73.144685205987770     0.002958357626536
-123.996610669866726   106.855314794012244     0.002958357626536
  83.329747992824807    56.483158445156263     0.003036020026407
  83.329747992824807   123.516841554843751     0.003036020026407
 -83.329747992824807    56.483158445156263     0.003036020026407
 -83.329747992824807   123.516841554843751     0.003036020026407
  96.670252007175193    56.483158445156263     0.003036020026407
  96.670252007175193   123.516841554843751     0.003036020026407
 -96.670252007175193    56.483158445156263     0.003036020026407
 -96.670252007175193   123.516841554843751     0.003036020026407
  80.052678510428947    34.097974801142286     0.003036020026407
  80.052678510428947   145.902025198857729     0.003036020026407
 -80.052678510428947    34.097974801142286     0.003036020026407
 -80.052678510428947   145.902025198857729     0.003036020026407
  99.947321489571067    34.097974801142286     0.003036020026407
  99.947321489571067   145.902025198857729     0.003036020026407
 -99.947321489571067    34.097974801142286     0.003036020026407
 -99.947321489571067   145.902025198857729     0.003036020026407
   6.670252007175206    56.483158445156263     0.003036020026407
   6.670252007175206   123.516841554843751     0.003036020026407
  -6.670252007175206    56.483158445156263     0.003036020026407
  -6.670252007175206   123.516841554843751     0.003036020026407
 173.329747992824792    56.483158445156263     0.003036020026407
 173.329747992824792   123.516841554843751     0.003036020026407
-173.329747992824792    56.483158445156263     0.003036020026407
-173.329747992824792   123.516841554843751     0.003036020026407
  33.696229164730170    84.442697662458102     0.003036020026407
  33.696229164730170    95.557302337541913     0.003036020026407
 -33.696229164730170    84.442697662458102     0.003036020026407
 -33.696229164730170    95.557302337541913     0.003036020026407
 146.303770835269830    84.442697662458102     0.003036020026407
 146.303770835269830    95.557302337541913     0.003036020026407
-146.303770835269830    84.442697662458102     0.003036020026407
-146.303770835269830    95.557302337541913     0.003036020026407
   9.947321489571049    34.097974801142286     0.003036020026407
   9.947321489571049   145.902025198857729     0.003036020026407
  -9.947321489571049    34.097974801142286     0.003036020026407
  -9.947321489571049   145.902025198857729     0.003036020026407
 170.052678510428962    34.097974801142286     0.003036020026407
 170.052678510428962   145.902025198857729     0.003036020026407
-170.052678510428962    34.097974801142286     0.003036020026407
-170.052678510428962   145.902025198857729     0.003036020026407
  56.303770835269830    84.442697662458102     0.003036020026407
  56.303770835269830    95.557302337541913     0.003036020026407
 -56.303770835269830    84.442697662458102     0.003036020026407
 -56.303770835269830    95.557302337541913     0.003036020026407
 123.696229164730184    84.442697662458102     0.003036020026407
 123.696229164730184    95.557302337541913     0.003036020026407
-123.696229164730184    84.442697662458102     0.003036020026407
-123.696229164730184    95.557302337541913     0.003036020026407
  78.577780337625143    67.789578303164333     0.002832187403926
  78.577780337625143   112.210421696835667     0.002832187403926
 -78.577780337625143    67.789578303164333     0.002832187403926
 -78.577780337625143   112.210421696835667     0.002832187403926
 101.422219662374857    67.789578303164333     0.002832187403926
 101.422219662374857   112.210421696835667     0.002832187403926
-101.422219662374857    67.789578303164333     0.002832187403926
-101.422219662374857   112.210421696835667     0.002832187403926
  64.125509474260397    24.842536474088188     0.002832187403926
  64.125509474260397   155.157463525911822     0.002832187403926
 -64.125509474260397    24.842536474088188     0.002832187403926
 -64.125509474260397   155.157463525911822     0.002832187403926
 115.874490525739617    24.842536474088188     0.002832187403926
 115.874490525739617   155.157463525911822     0.002832187403926
-115.874490525739617    24.842536474088188     0.002832187403926
-115.874490525739617   155.157463525911822     0.002832187403926
  11.422219662374870    67.789578303164333     0.002832187403926
  11.422219662374870   112.210421696835667     0.002832187403926
 -11.422219662374870    67.789578303164333     0.002832187403926
 -11.422219662374870   112.210421696835667     0.002832187403926
 168.577780337625143    67.789578303164333     0.002832187403926
 168.577780337625143   112.210421696835667     0.002832187403926
-168.577780337625143    67.789578303164333     0.002832187403926
-168.577780337625143   112.210421696835667     0.002832187403926
  22.614400379280575    79.435431917201726     0.002832187403926
  22.614400379280575   100.564568082798289     0.002832187403926
 -22.614400379280575    79.435431917201726     0.002832187403926
 -22.614400379280575   100.564568082798289     0.002832187403926
 157.385599620719432    79.435431917201726     0.002832187403926
 157.385599620719432   100.564568082798289     0.002832187403926
-157.385599620719432    79.435431917201726     0.002832187403926
-157.385599620719432   100.564568082798289     0.002832187403926
  25.874490525739620    24.842536474088188     0.002832187403926
  25.874490525739620   155.157463525911822     0.002832187403926
 -25.874490525739620    24.842536474088188     0.002832187403926
 -25.874490525739620   155.157463525911822     0.002832187403926
 154.125509474260383    24.842536474088188     0.002832187403926
 154.125509474260383   155.157463525911822     0.002832187403926
-154.125509474260383    24.842536474088188     0.002832187403926
-154.125509474260383   155.157463525911822     0.002832187403926
  67.385599620719418    79.435431917201726     0.002832187403926
  67.385599620719418   100.564568082798289     0.002832187403926
 -67.385599620719418    79.435431917201726     0.002832187403926
 -67.385599620719418   100.564568082798289     0.002832187403926
 112.614400379280582    79.435431917201726     0.002832187403926
 112.614400379280582   100.564568082798289     0.002832187403926
-112.614400379280582    79.435431917201726     0.002832187403926
-112.614400379280582   100.564568082798289     0.002832187403926
