   0.000000000000000    90.000000000000000     0.000599631368862
 180.000000000000000    90.000000000000000     0.000599631368862
  90.000000000000000    90.000000000000000     0.000599631368862
 -90.000000000000000    90.000000000000000     0.000599631368862
  90.000000000000000     0.000000000000000     0.000599631368862
  90.000000000000000   180.000000000000000     0.000599631368862
  90.000000000000000    45.000000000000000     0.007372999718621
  90.000000000000000   135.000000000000000     0.007372999718621
 -90.000000000000000    45.000000000000000     0.007372999718621
 -90.000000000000000   135.000000000000000     0.007372999718621
   0.000000000000000    45.000000000000000     0.007372999718621
   0.000000000000000   135.000000000000000     0.007372999718621
 180.000000000000000    45.000000000000000     0.007372999718621
 180.000000000000000   135.000000000000000     0.007372999718621
  45.000000000000000    90.000000000000000     0.007372999718621
 -45.000000000000000    90.000000000000000     0.007372999718621
 135.000000000000000    90.000000000000000     0.007372999718621
-135.000000000000000    90.000000000000000     0.007372999718621
  45.000000000000000    54.735610317245346     0.007210515360144
  45.000000000000000   125.264389682754654     0.007210515360144
 -45.000000000000000    54.735610317245346     0.007210515360144
 -45.000000000000000   125.264389682754654     0.007210515360144
 135.000000000000000    54.735610317245346     0.007210515360144
 135.000000000000000   125.264389682754654     0.007210515360144
-135.000000000000000    54.735610317245346     0.007210515360144
-135.000000000000000   125.264389682754654     0.007210515360144
  45.000000000000000    73.064265786677382     0.007116355493118
  45.000000000000000   106.935734213322618     0.007116355493118
 -45.000000000000000    73.064265786677382     0.007116355493118
 -45.000000000000000   106.935734213322618     0.007116355493118
 135.000000000000000    73.064265786677382     0.007116355493118
 135.000000000000000   106.935734213322618     0.007116355493118
-135.000000000000000    73.064265786677382     0.007116355493118
-135.000000000000000   106.935734213322618     0.007116355493118
  23.298381329142529    47.433844543612018     0.007116355493118
 -23.298381329142529    47.433844543612018     0.007116355493118
  23.298381329142529   132.566155456387975     0.007116355493118
 -23.298381329142529   132.566155456387975     0.007116355493118
 156.701618670857499    47.433844543612018     0.007116355493118
-156.701618670857499    47.433844543612018     0.007116355493118
 156.701618670857499   132.566155456387975     0.007116355493118
-156.701618670857499   132.566155456387975     0.007116355493118
  66.701618670857471    47.433844543612018     0.007116355493118
 113.298381329142543    47.433844543612018     0.007116355493118
  66.701618670857471   132.566155456387975     0.007116355493118
 113.298381329142543   132.566155456387975     0.007116355493118
 -66.701618670857471    47.433844543612018     0.007116355493118
-113.298381329142543    47.433844543612018     0.007116355493118
 -66.701618670857471   132.566155456387975     0.007116355493118
-113.298381329142543   132.566155456387975     0.007116355493118
  45.000000000000000    36.187434472882487     0.006753829486314
  45.000000000000000   143.812565527117528     0.006753829486314
 -45.000000000000000    36.187434472882487     0.006753829486314
 -45.000000000000000   143.812565527117528     0.006753829486314
 135.000000000000000    36.187434472882487     0.006753829486314
 135.000000000000000   143.812565527117528     0.006753829486314
-135.000000000000000    36.187434472882487     0.006753829486314
-135.000000000000000   143.812565527117528     0.006753829486314
  62.648115190442049    65.323392119857786     0.006753829486314
 -62.648115190442049    65.323392119857786     0.006753829486314
  62.648115190442049   114.676607880142214     0.006753829486314
 -62.648115190442049   114.676607880142214     0.006753829486314
 117.351884809557959    65.323392119857786     0.006753829486314
-117.351884809557959    65.323392119857786     0.006753829486314
 117.351884809557959   114.676607880142214     0.006753829486314
-117.351884809557959   114.676607880142214     0.006753829486314
  27.351884809557951    65.323392119857786     0.006753829486314
 152.648115190442041    65.323392119857786     0.006753829486314
  27.351884809557951   114.676607880142214     0.006753829486314
 152.648115190442041   114.676607880142214     0.006753829486314
 -27.351884809557951    65.323392119857786     0.006753829486314
-152.648115190442041    65.323392119857786     0.006753829486314
 -27.351884809557951   114.676607880142214     0.006753829486314
-152.648115190442041   114.676607880142214     0.006753829486314
  45.000000000000000    12.867249998265978     0.007574394159054
  45.000000000000000   167.132750001734024     0.007574394159054
 -45.000000000000000    12.867249998265978     0.007574394159054
 -45.000000000000000   167.132750001734024     0.007574394159054
 135.000000000000000    12.867249998265978     0.007574394159054
 135.000000000000000   167.132750001734024     0.007574394159054
-135.000000000000000    12.867249998265978     0.007574394159054
-135.000000000000000   167.132750001734024     0.007574394159054
  80.824618269421777    80.940058987634842     0.007574394159054
 -80.824618269421777    80.940058987634842     0.007574394159054
  80.824618269421777    99.059941012365158     0.007574394159054
 -80.824618269421777    99.059941012365158     0.007574394159054
  99.175381730578238    80.940058987634842     0.007574394159054
 -99.175381730578238    80.940058987634842     0.007574394159054
  99.175381730578238    99.059941012365158     0.007574394159054
 -99.175381730578238    99.059941012365158     0.007574394159054
   9.175381730578227    80.940058987634842     0.007574394159054
 170.824618269421791    80.940058987634842     0.007574394159054
   9.175381730578227    99.059941012365158     0.007574394159054
 170.824618269421791    99.059941012365158     0.007574394159054
  -9.175381730578227    80.940058987634842     0.007574394159054
-170.824618269421791    80.940058987634842     0.007574394159054
  -9.175381730578227    99.059941012365158     0.007574394159054
-170.824618269421791    99.059941012365158     0.007574394159054
  72.653076890754207    28.082582278464621     0.006991087353303
  72.653076890754207   151.917417721535401     0.006991087353303
 -72.653076890754207    28.082582278464621     0.006991087353303
 -72.653076890754207   151.917417721535401     0.006991087353303
 107.346923109245793    28.082582278464621     0.006991087353303
 107.346923109245793   151.917417721535401     0.006991087353303
-107.346923109245793    28.082582278464621     0.006991087353303
-107.346923109245793   151.917417721535401     0.006991087353303
  80.960881834202326    63.299112780691708     0.006991087353303
  80.960881834202326   116.700887219308299     0.006991087353303
 -80.960881834202326    63.299112780691708     0.006991087353303
 -80.960881834202326   116.700887219308299     0.006991087353303
  99.039118165797674    63.299112780691708     0.006991087353303
  99.039118165797674   116.700887219308299     0.006991087353303
 -99.039118165797674    63.299112780691708     0.006991087353303
 -99.039118165797674   116.700887219308299     0.006991087353303
  17.346923109245800    28.082582278464621     0.006991087353303
  17.346923109245800   151.917417721535401     0.006991087353303
 -17.346923109245800    28.082582278464621     0.006991087353303
 -17.346923109245800   151.917417721535401     0.006991087353303
 162.653076890754193    28.082582278464621     0.006991087353303
 162.653076890754193   151.917417721535401     0.006991087353303
-162.653076890754193    28.082582278464621     0.006991087353303
-162.653076890754193   151.917417721535401     0.006991087353303
  63.010631515857654    81.931588861066530     0.006991087353303
  63.010631515857654    98.068411138933484     0.006991087353303
 -63.010631515857654    81.931588861066530     0.006991087353303
 -63.010631515857654    98.068411138933484     0.006991087353303
 116.989368484142346    81.931588861066530     0.006991087353303
 116.989368484142346    98.068411138933484     0.006991087353303
-116.989368484142346    81.931588861066530     0.006991087353303
-116.989368484142346    98.068411138933484     0.006991087353303
   9.039118165797701    63.299112780691708     0.006991087353303
   9.039118165797701   116.700887219308299     0.006991087353303
  -9.039118165797701    63.299112780691708     0.006991087353303
  -9.039118165797701   116.700887219308299     0.006991087353303
 170.960881834202297    63.299112780691708     0.006991087353303
 170.960881834202297   116.700887219308299     0.006991087353303
-170.960881834202297    63.299112780691708     0.006991087353303
-170.960881834202297   116.700887219308299     0.006991087353303
  26.989368484142357    81.931588861066530     0.006991087353303
  26.989368484142357    98.068411138933484     0.006991087353303
 -26.989368484142357    81.931588861066530     0.006991087353303
 -26.989368484142357    98.068411138933484     0.006991087353303
 153.010631515857654    81.931588861066530     0.006991087353303
 153.010631515857654    98.068411138933484     0.006991087353303
-153.010631515857654    81.931588861066530     0.006991087353303
-153.010631515857654    98.068411138933484     0.006991087353303
