   0.000000000000000    90.000000000000000     0.011544011544012
 180.000000000000000    90.000000000000000     0.011544011544012
  90.000000000000000    90.000000000000000     0.011544011544012
 -90.000000000000000    90.000000000000000     0.011544011544012
  90.000000000000000     0.000000000000000     0.011544011544012
  90.000000000000000   180.000000000000000     0.011544011544012
  45.000000000000000    54.735610317245346     0.011943909085856
  45.000000000000000   125.264389682754654     0.011943909085856
 -45.000000000000000    54.735610317245346     0.011943909085856
 -45.000000000000000   125.264389682754654     0.011943909085856
 135.000000000000000    54.735610317245346     0.011943909085856
 135.000000000000000   125.264389682754654     0.011943909085856
-135.000000000000000    54.735610317245346     0.011943909085856
-135.000000000000000   125.264389682754654     0.011943909085856
  45.000000000000000    31.513359490876244     0.011110555710603
  45.000000000000000   148.486640509123760     0.011110555710603
 -45.000000000000000    31.513359490876244     0.011110555710603
 -45.000000000000000   148.486640509123760     0.011110555710603
 135.000000000000000    31.513359490876244     0.011110555710603
 135.000000000000000   148.486640509123760     0.011110555710603
-135.000000000000000    31.513359490876244     0.011110555710603
-135.000000000000000   148.486640509123760     0.011110555710603
  66.561222392026522    68.308874114180426     0.011110555710603
 -66.561222392026522    68.308874114180426     0.011110555710603
  66.561222392026522   111.691125885819588     0.011110555710603
 -66.561222392026522   111.691125885819588     0.011110555710603
 113.438777607973492    68.308874114180426     0.011110555710603
-113.438777607973492    68.308874114180426     0.011110555710603
 113.438777607973492   111.691125885819588     0.011110555710603
-113.438777607973492   111.691125885819588     0.011110555710603
  23.438777607973478    68.308874114180426     0.011110555710603
 156.561222392026536    68.308874114180426     0.011110555710603
  23.438777607973478   111.691125885819588     0.011110555710603
 156.561222392026536   111.691125885819588     0.011110555710603
 -23.438777607973478    68.308874114180426     0.011110555710603
-156.561222392026536    68.308874114180426     0.011110555710603
 -23.438777607973478   111.691125885819588     0.011110555710603
-156.561222392026536   111.691125885819588     0.011110555710603
  45.000000000000000    79.101860732695940     0.011876501294537
  45.000000000000000   100.898139267304060     0.011876501294537
 -45.000000000000000    79.101860732695940     0.011876501294537
 -45.000000000000000   100.898139267304060     0.011876501294537
 135.000000000000000    79.101860732695940     0.011876501294537
 135.000000000000000   100.898139267304060     0.011876501294537
-135.000000000000000    79.101860732695940     0.011876501294537
-135.000000000000000   100.898139267304060     0.011876501294537
  15.231635441931418    46.024237785326378     0.011876501294537
 -15.231635441931418    46.024237785326378     0.011876501294537
  15.231635441931418   133.975762214673637     0.011876501294537
 -15.231635441931418   133.975762214673637     0.011876501294537
 164.768364558068583    46.024237785326378     0.011876501294537
-164.768364558068583    46.024237785326378     0.011876501294537
 164.768364558068583   133.975762214673637     0.011876501294537
-164.768364558068583   133.975762214673637     0.011876501294537
  74.768364558068569    46.024237785326378     0.011876501294537
 105.231635441931431    46.024237785326378     0.011876501294537
  74.768364558068569   133.975762214673637     0.011876501294537
 105.231635441931431   133.975762214673637     0.011876501294537
 -74.768364558068569    46.024237785326378     0.011876501294537
-105.231635441931431    46.024237785326378     0.011876501294537
 -74.768364558068569   133.975762214673637     0.011876501294537
-105.231635441931431   133.975762214673637     0.011876501294537
  68.022464238570777    90.000000000000000     0.011812303746904
 -68.022464238570777    90.000000000000000     0.011812303746904
 111.977535761429237    90.000000000000000     0.011812303746904
-111.977535761429237    90.000000000000000     0.011812303746904
  21.977535761429227    90.000000000000000     0.011812303746904
 -21.977535761429227    90.000000000000000     0.011812303746904
 158.022464238570763    90.000000000000000     0.011812303746904
-158.022464238570763    90.000000000000000     0.011812303746904
   0.000000000000000    21.977535761429227     0.011812303746904
   0.000000000000000   158.022464238570763     0.011812303746904
 180.000000000000000    21.977535761429227     0.011812303746904
 180.000000000000000   158.022464238570763     0.011812303746904
   0.000000000000000    68.022464238570777     0.011812303746904
   0.000000000000000   111.977535761429237     0.011812303746904
 180.000000000000000    68.022464238570777     0.011812303746904
 180.000000000000000   111.977535761429237     0.011812303746904
  90.000000000000000    21.977535761429227     0.011812303746904
  90.000000000000000   158.022464238570763     0.011812303746904
 -90.000000000000000    21.977535761429227     0.011812303746904
 -90.000000000000000   158.022464238570763     0.011812303746904
  90.000000000000000    68.022464238570777     0.011812303746904
  90.000000000000000   111.977535761429237     0.011812303746904
 -90.000000000000000    68.022464238570777     0.011812303746904
 -90.000000000000000   111.977535761429237     0.011812303746904
