   0.000000000000000    90.000000000000000     0.000143829419053
 180.000000000000000    90.000000000000000     0.000143829419053
  90.000000000000000    90.000000000000000     0.000143829419053
 -90.000000000000000    90.000000000000000     0.000143829419053
  90.000000000000000     0.000000000000000     0.000143829419053
  90.000000000000000   180.000000000000000     0.000143829419053
  45.000000000000000    54.735610317245346     0.001125772288287
  45.000000000000000   125.264389682754654     0.001125772288287
 -45.000000000000000    54.735610317245346     0.001125772288287
 -45.000000000000000   125.264389682754654     0.001125772288287
 135.000000000000000    54.735610317245346     0.001125772288287
 135.000000000000000   125.264389682754654     0.001125772288287
-135.000000000000000    54.735610317245346     0.001125772288287
-135.000000000000000   125.264389682754654     0.001125772288287
  45.000000000000000     3.480663082888629     0.000494802934195
  45.000000000000000   176.519336917111360     0.000494802934195
 -45.000000000000000     3.480663082888629     0.000494802934195
 -45.000000000000000   176.519336917111360     0.000494802934195
 135.000000000000000     3.480663082888629     0.000494802934195
 135.000000000000000   176.519336917111360     0.000494802934195
-135.000000000000000     3.480663082888629     0.000494802934195
-135.000000000000000   176.519336917111360     0.000494802934195
  87.537285152011449    87.539556930412516     0.000494802934195
 -87.537285152011449    87.539556930412516     0.000494802934195
  87.537285152011449    92.460443069587484     0.000494802934195
 -87.537285152011449    92.460443069587484     0.000494802934195
  92.462714847988565    87.539556930412516     0.000494802934195
 -92.462714847988565    87.539556930412516     0.000494802934195
  92.462714847988565    92.460443069587484     0.000494802934195
 -92.462714847988565    92.460443069587484     0.000494802934195
   2.462714847988571    87.539556930412516     0.000494802934195
 177.537285152011435    87.539556930412516     0.000494802934195
   2.462714847988571    92.460443069587484     0.000494802934195
 177.537285152011435    92.460443069587484     0.000494802934195
  -2.462714847988571    87.539556930412516     0.000494802934195
-177.537285152011435    87.539556930412516     0.000494802934195
  -2.462714847988571    92.460443069587484     0.000494802934195
-177.537285152011435    92.460443069587484     0.000494802934195
  45.000000000000000     8.551261800675277     0.000735799010913
  45.000000000000000   171.448738199324708     0.000735799010913
 -45.000000000000000     8.551261800675277     0.000735799010913
 -45.000000000000000   171.448738199324708     0.000735799010913
 135.000000000000000     8.551261800675277     0.000735799010913
 135.000000000000000   171.448738199324708     0.000735799010913
-135.000000000000000     8.551261800675277     0.000735799010913
-135.000000000000000   171.448738199324708     0.000735799010913
  83.930846903711924    83.964612663575480     0.000735799010913
 -83.930846903711924    83.964612663575480     0.000735799010913
  83.930846903711924    96.035387336424520     0.000735799010913
 -83.930846903711924    96.035387336424520     0.000735799010913
  96.069153096288090    83.964612663575480     0.000735799010913
 -96.069153096288090    83.964612663575480     0.000735799010913
  96.069153096288090    96.035387336424520     0.000735799010913
 -96.069153096288090    96.035387336424520     0.000735799010913
   6.069153096288083    83.964612663575480     0.000735799010913
 173.930846903711938    83.964612663575480     0.000735799010913
   6.069153096288083    96.035387336424520     0.000735799010913
 173.930846903711938    96.035387336424520     0.000735799010913
  -6.069153096288083    83.964612663575480     0.000735799010913
-173.930846903711938    83.964612663575480     0.000735799010913
  -6.069153096288083    96.035387336424520     0.000735799010913
-173.930846903711938    96.035387336424520     0.000735799010913
  45.000000000000000    14.329085523445990     0.000888913277130
  45.000000000000000   165.670914476554003     0.000888913277130
 -45.000000000000000    14.329085523445990     0.000888913277130
 -45.000000000000000   165.670914476554003     0.000888913277130
 135.000000000000000    14.329085523445990     0.000888913277130
 135.000000000000000   165.670914476554003     0.000888913277130
-135.000000000000000    14.329085523445990     0.000888913277130
-135.000000000000000   165.670914476554003     0.000888913277130
  79.761533541506381    79.921197178028848     0.000888913277130
 -79.761533541506381    79.921197178028848     0.000888913277130
  79.761533541506381   100.078802821971152     0.000888913277130
 -79.761533541506381   100.078802821971152     0.000888913277130
 100.238466458493619    79.921197178028848     0.000888913277130
-100.238466458493619    79.921197178028848     0.000888913277130
 100.238466458493619   100.078802821971152     0.000888913277130
-100.238466458493619   100.078802821971152     0.000888913277130
  10.238466458493608    79.921197178028848     0.000888913277130
 169.761533541506395    79.921197178028848     0.000888913277130
  10.238466458493608   100.078802821971152     0.000888913277130
 169.761533541506395   100.078802821971152     0.000888913277130
 -10.238466458493608    79.921197178028848     0.000888913277130
-169.761533541506395    79.921197178028848     0.000888913277130
 -10.238466458493608   100.078802821971152     0.000888913277130
-169.761533541506395   100.078802821971152     0.000888913277130
  45.000000000000000    20.511360821292588     0.000988834783892
  45.000000000000000   159.488639178707416     0.000988834783892
 -45.000000000000000    20.511360821292588     0.000988834783892
 -45.000000000000000   159.488639178707416     0.000988834783892
 135.000000000000000    20.511360821292588     0.000988834783892
 135.000000000000000   159.488639178707416     0.000988834783892
-135.000000000000000    20.511360821292588     0.000988834783892
-135.000000000000000   159.488639178707416     0.000988834783892
  75.182605267096093    75.654684292974579     0.000988834783892
 -75.182605267096093    75.654684292974579     0.000988834783892
  75.182605267096093   104.345315707025435     0.000988834783892
 -75.182605267096093   104.345315707025435     0.000988834783892
 104.817394732903907    75.654684292974579     0.000988834783892
-104.817394732903907    75.654684292974579     0.000988834783892
 104.817394732903907   104.345315707025435     0.000988834783892
-104.817394732903907   104.345315707025435     0.000988834783892
  14.817394732903916    75.654684292974579     0.000988834783892
 165.182605267096079    75.654684292974579     0.000988834783892
  14.817394732903916   104.345315707025435     0.000988834783892
 165.182605267096079   104.345315707025435     0.000988834783892
 -14.817394732903916    75.654684292974579     0.000988834783892
-165.182605267096079    75.654684292974579     0.000988834783892
 -14.817394732903916   104.345315707025435     0.000988834783892
-165.182605267096079   104.345315707025435     0.000988834783892
  45.000000000000000    26.966989070549857     0.001053299681709
  45.000000000000000   153.033010929450143     0.001053299681709
 -45.000000000000000    26.966989070549857     0.001053299681709
 -45.000000000000000   153.033010929450143     0.001053299681709
 135.000000000000000    26.966989070549857     0.001053299681709
 135.000000000000000   153.033010929450143     0.001053299681709
-135.000000000000000    26.966989070549857     0.001053299681709
-135.000000000000000   153.033010929450143     0.001053299681709
  70.212492084862475    71.297355291839111     0.001053299681709
 -70.212492084862475    71.297355291839111     0.001053299681709
  70.212492084862475   108.702644708160904     0.001053299681709
 -70.212492084862475   108.702644708160904     0.001053299681709
 109.787507915137525    71.297355291839111     0.001053299681709
-109.787507915137525    71.297355291839111     0.001053299681709
 109.787507915137525   108.702644708160904     0.001053299681709
-109.787507915137525   108.702644708160904     0.001053299681709
  19.787507915137518    71.297355291839111     0.001053299681709
 160.212492084862475    71.297355291839111     0.001053299681709
  19.787507915137518   108.702644708160904     0.001053299681709
 160.212492084862475   108.702644708160904     0.001053299681709
 -19.787507915137518    71.297355291839111     0.001053299681709
-160.212492084862475    71.297355291839111     0.001053299681709
 -19.787507915137518   108.702644708160904     0.001053299681709
-160.212492084862475   108.702644708160904     0.001053299681709
  45.000000000000000    33.633584281727828     0.001092778807015
  45.000000000000000   146.366415718272179     0.001092778807015
 -45.000000000000000    33.633584281727828     0.001092778807015
 -45.000000000000000   146.366415718272179     0.001092778807015
 135.000000000000000    33.633584281727828     0.001092778807015
 135.000000000000000   146.366415718272179     0.001092778807015
-135.000000000000000    33.633584281727828     0.001092778807015
-135.000000000000000   146.366415718272179     0.001092778807015
  64.807786942731738    66.942664544241850     0.001092778807015
 -64.807786942731738    66.942664544241850     0.001092778807015
  64.807786942731738   113.057335455758164     0.001092778807015
 -64.807786942731738   113.057335455758164     0.001092778807015
 115.192213057268262    66.942664544241850     0.001092778807015
-115.192213057268262    66.942664544241850     0.001092778807015
 115.192213057268262   113.057335455758164     0.001092778807015
-115.192213057268262   113.057335455758164     0.001092778807015
  25.192213057268265    66.942664544241850     0.001092778807015
 154.807786942731752    66.942664544241850     0.001092778807015
  25.192213057268265   113.057335455758164     0.001092778807015
 154.807786942731752   113.057335455758164     0.001092778807015
 -25.192213057268265    66.942664544241850     0.001092778807015
-154.807786942731752    66.942664544241850     0.001092778807015
 -25.192213057268265   113.057335455758164     0.001092778807015
-154.807786942731752   113.057335455758164     0.001092778807015
  45.000000000000000    40.484387486357782     0.001114389394063
  45.000000000000000   139.515612513642225     0.001114389394063
 -45.000000000000000    40.484387486357782     0.001114389394063
 -45.000000000000000   139.515612513642225     0.001114389394063
 135.000000000000000    40.484387486357782     0.001114389394063
 135.000000000000000   139.515612513642225     0.001114389394063
-135.000000000000000    40.484387486357782     0.001114389394063
-135.000000000000000   139.515612513642225     0.001114389394063
  58.885109132230646    62.672075624222224     0.001114389394063
 -58.885109132230646    62.672075624222224     0.001114389394063
  58.885109132230646   117.327924375777798     0.001114389394063
 -58.885109132230646   117.327924375777798     0.001114389394063
 121.114890867769361    62.672075624222224     0.001114389394063
-121.114890867769361    62.672075624222224     0.001114389394063
 121.114890867769361   117.327924375777798     0.001114389394063
-121.114890867769361   117.327924375777798     0.001114389394063
  31.114890867769354    62.672075624222224     0.001114389394063
 148.885109132230639    62.672075624222224     0.001114389394063
  31.114890867769354   117.327924375777798     0.001114389394063
 148.885109132230639   117.327924375777798     0.001114389394063
 -31.114890867769354    62.672075624222224     0.001114389394063
-148.885109132230639    62.672075624222224     0.001114389394063
 -31.114890867769354   117.327924375777798     0.001114389394063
-148.885109132230639   117.327924375777798     0.001114389394063
  45.000000000000000    47.514704498017743     0.001123724788052
  45.000000000000000   132.485295501982250     0.001123724788052
 -45.000000000000000    47.514704498017743     0.001123724788052
 -45.000000000000000   132.485295501982250     0.001123724788052
 135.000000000000000    47.514704498017743     0.001123724788052
 135.000000000000000   132.485295501982250     0.001123724788052
-135.000000000000000    47.514704498017743     0.001123724788052
-135.000000000000000   132.485295501982250     0.001123724788052
  52.329369753420586    58.570006023972283     0.001123724788052
 -52.329369753420586    58.570006023972283     0.001123724788052
  52.329369753420586   121.429993976027731     0.001123724788052
 -52.329369753420586   121.429993976027731     0.001123724788052
 127.670630246579421    58.570006023972283     0.001123724788052
-127.670630246579421    58.570006023972283     0.001123724788052
 127.670630246579421   121.429993976027731     0.001123724788052
-127.670630246579421   121.429993976027731     0.001123724788052
  37.670630246579414    58.570006023972283     0.001123724788052
 142.329369753420593    58.570006023972283     0.001123724788052
  37.670630246579414   121.429993976027731     0.001123724788052
 142.329369753420593   121.429993976027731     0.001123724788052
 -37.670630246579414    58.570006023972283     0.001123724788052
-142.329369753420593    58.570006023972283     0.001123724788052
 -37.670630246579414   121.429993976027731     0.001123724788052
-142.329369753420593   121.429993976027731     0.001123724788052
  45.000000000000000    62.169406280309488     0.001125239325244
  45.000000000000000   117.830593719690526     0.001125239325244
 -45.000000000000000    62.169406280309488     0.001125239325244
 -45.000000000000000   117.830593719690526     0.001125239325244
 135.000000000000000    62.169406280309488     0.001125239325244
 135.000000000000000   117.830593719690526     0.001125239325244
-135.000000000000000    62.169406280309488     0.001125239325244
-135.000000000000000   117.830593719690526     0.001125239325244
  36.744854588182108    51.294540009475625     0.001125239325244
 -36.744854588182108    51.294540009475625     0.001125239325244
  36.744854588182108   128.705459990524389     0.001125239325244
 -36.744854588182108   128.705459990524389     0.001125239325244
 143.255145411817892    51.294540009475625     0.001125239325244
-143.255145411817892    51.294540009475625     0.001125239325244
 143.255145411817892   128.705459990524389     0.001125239325244
-143.255145411817892   128.705459990524389     0.001125239325244
  53.255145411817900    51.294540009475625     0.001125239325244
 126.744854588182108    51.294540009475625     0.001125239325244
  53.255145411817900   128.705459990524389     0.001125239325244
 126.744854588182108   128.705459990524389     0.001125239325244
 -53.255145411817900    51.294540009475625     0.001125239325244
-126.744854588182108    51.294540009475625     0.001125239325244
 -53.255145411817900   128.705459990524389     0.001125239325244
-126.744854588182108   128.705459990524389     0.001125239325244
  45.000000000000000    69.841786424292636     0.001126153271816
  45.000000000000000   110.158213575707379     0.001126153271816
 -45.000000000000000    69.841786424292636     0.001126153271816
 -45.000000000000000   110.158213575707379     0.001126153271816
 135.000000000000000    69.841786424292636     0.001126153271816
 135.000000000000000   110.158213575707379     0.001126153271816
-135.000000000000000    69.841786424292636     0.001126153271816
-135.000000000000000   110.158213575707379     0.001126153271816
  27.436469478650753    48.410230794862905     0.001126153271816
 -27.436469478650753    48.410230794862905     0.001126153271816
  27.436469478650753   131.589769205137117     0.001126153271816
 -27.436469478650753   131.589769205137117     0.001126153271816
 152.563530521349264    48.410230794862905     0.001126153271816
-152.563530521349264    48.410230794862905     0.001126153271816
 152.563530521349264   131.589769205137117     0.001126153271816
-152.563530521349264   131.589769205137117     0.001126153271816
  62.563530521349250    48.410230794862905     0.001126153271816
 117.436469478650764    48.410230794862905     0.001126153271816
  62.563530521349250   131.589769205137117     0.001126153271816
 117.436469478650764   131.589769205137117     0.001126153271816
 -62.563530521349250    48.410230794862905     0.001126153271816
-117.436469478650764    48.410230794862905     0.001126153271816
 -62.563530521349250   131.589769205137117     0.001126153271816
-117.436469478650764   131.589769205137117     0.001126153271816
  45.000000000000000    77.763104834899011     0.001130286931124
  45.000000000000000   102.236895165101004     0.001130286931124
 -45.000000000000000    77.763104834899011     0.001130286931124
 -45.000000000000000   102.236895165101004     0.001130286931124
 135.000000000000000    77.763104834899011     0.001130286931124
 135.000000000000000   102.236895165101004     0.001130286931124
-135.000000000000000    77.763104834899011     0.001130286931124
-135.000000000000000   102.236895165101004     0.001130286931124
  17.051675806578164    46.287427212463605     0.001130286931124
 -17.051675806578164    46.287427212463605     0.001130286931124
  17.051675806578164   133.712572787536402     0.001130286931124
 -17.051675806578164   133.712572787536402     0.001130286931124
 162.948324193421854    46.287427212463605     0.001130286931124
-162.948324193421854    46.287427212463605     0.001130286931124
 162.948324193421854   133.712572787536402     0.001130286931124
-162.948324193421854   133.712572787536402     0.001130286931124
  72.948324193421854    46.287427212463605     0.001130286931124
 107.051675806578160    46.287427212463605     0.001130286931124
  72.948324193421854   133.712572787536402     0.001130286931124
 107.051675806578160   133.712572787536402     0.001130286931124
 -72.948324193421854    46.287427212463605     0.001130286931124
-107.051675806578160    46.287427212463605     0.001130286931124
 -72.948324193421854   133.712572787536402     0.001130286931124
-107.051675806578160   133.712572787536402     0.001130286931124
  45.000000000000000    85.892707195929148     0.001134986534364
  45.000000000000000    94.107292804070852     0.001134986534364
 -45.000000000000000    85.892707195929148     0.001134986534364
 -45.000000000000000    94.107292804070852     0.001134986534364
 135.000000000000000    85.892707195929148     0.001134986534364
 135.000000000000000    94.107292804070852     0.001134986534364
-135.000000000000000    85.892707195929148     0.001134986534364
-135.000000000000000    94.107292804070852     0.001134986534364
   5.798680075334813    45.146965891368083     0.001134986534364
  -5.798680075334813    45.146965891368083     0.001134986534364
   5.798680075334813   134.853034108631931     0.001134986534364
  -5.798680075334813   134.853034108631931     0.001134986534364
 174.201319924665199    45.146965891368083     0.001134986534364
-174.201319924665199    45.146965891368083     0.001134986534364
 174.201319924665199   134.853034108631931     0.001134986534364
-174.201319924665199   134.853034108631931     0.001134986534364
  84.201319924665157    45.146965891368083     0.001134986534364
  95.798680075334843    45.146965891368083     0.001134986534364
  84.201319924665157   134.853034108631931     0.001134986534364
  95.798680075334843   134.853034108631931     0.001134986534364
 -84.201319924665157    45.146965891368083     0.001134986534364
 -95.798680075334843    45.146965891368083     0.001134986534364
 -84.201319924665157   134.853034108631931     0.001134986534364
 -95.798680075334843   134.853034108631931     0.001134986534364
  82.896119982357220    90.000000000000000     0.000682336792711
 -82.896119982357220    90.000000000000000     0.000682336792711
  97.103880017642794    90.000000000000000     0.000682336792711
 -97.103880017642794    90.000000000000000     0.000682336792711
   7.103880017642761    90.000000000000000     0.000682336792711
  -7.103880017642761    90.000000000000000     0.000682336792711
 172.896119982357249    90.000000000000000     0.000682336792711
-172.896119982357249    90.000000000000000     0.000682336792711
   0.000000000000000     7.103880017642761     0.000682336792711
   0.000000000000000   172.896119982357249     0.000682336792711
 180.000000000000000     7.103880017642761     0.000682336792711
 180.000000000000000   172.896119982357249     0.000682336792711
   0.000000000000000    82.896119982357220     0.000682336792711
   0.000000000000000    97.103880017642794     0.000682336792711
 180.000000000000000    82.896119982357220     0.000682336792711
 180.000000000000000    97.103880017642794     0.000682336792711
  90.000000000000000     7.103880017642761     0.000682336792711
  90.000000000000000   172.896119982357249     0.000682336792711
 -90.000000000000000     7.103880017642761     0.000682336792711
 -90.000000000000000   172.896119982357249     0.000682336792711
  90.000000000000000    82.896119982357220     0.000682336792711
  90.000000000000000    97.103880017642794     0.000682336792711
 -90.000000000000000    82.896119982357220     0.000682336792711
 -90.000000000000000    97.103880017642794     0.000682336792711
  72.897758839873674    90.000000000000000     0.000945415816045
 -72.897758839873674    90.000000000000000     0.000945415816045
 107.102241160126340    90.000000000000000     0.000945415816045
-107.102241160126340    90.000000000000000     0.000945415816045
  17.102241160126322    90.000000000000000     0.000945415816045
 -17.102241160126322    90.000000000000000     0.000945415816045
 162.897758839873688    90.000000000000000     0.000945415816045
-162.897758839873688    90.000000000000000     0.000945415816045
   0.000000000000000    17.102241160126322     0.000945415816045
   0.000000000000000   162.897758839873688     0.000945415816045
 180.000000000000000    17.102241160126322     0.000945415816045
 180.000000000000000   162.897758839873688     0.000945415816045
   0.000000000000000    72.897758839873674     0.000945415816045
   0.000000000000000   107.102241160126340     0.000945415816045
 180.000000000000000    72.897758839873674     0.000945415816045
 180.000000000000000   107.102241160126340     0.000945415816045
  90.000000000000000    17.102241160126322     0.000945415816045
  90.000000000000000   162.897758839873688     0.000945415816045
 -90.000000000000000    17.102241160126322     0.000945415816045
 -90.000000000000000   162.897758839873688     0.000945415816045
  90.000000000000000    72.897758839873674     0.000945415816045
  90.000000000000000   107.102241160126340     0.000945415816045
 -90.000000000000000    72.897758839873674     0.000945415816045
 -90.000000000000000   107.102241160126340     0.000945415816045
  61.980282726522496    90.000000000000000     0.001074429975386
 -61.980282726522496    90.000000000000000     0.001074429975386
 118.019717273477511    90.000000000000000     0.001074429975386
-118.019717273477511    90.000000000000000     0.001074429975386
  28.019717273477500    90.000000000000000     0.001074429975386
 -28.019717273477500    90.000000000000000     0.001074429975386
 151.980282726522518    90.000000000000000     0.001074429975386
-151.980282726522518    90.000000000000000     0.001074429975386
   0.000000000000000    28.019717273477500     0.001074429975386
   0.000000000000000   151.980282726522518     0.001074429975386
 180.000000000000000    28.019717273477500     0.001074429975386
 180.000000000000000   151.980282726522518     0.001074429975386
   0.000000000000000    61.980282726522496     0.001074429975386
   0.000000000000000   118.019717273477511     0.001074429975386
 180.000000000000000    61.980282726522496     0.001074429975386
 180.000000000000000   118.019717273477511     0.001074429975386
  90.000000000000000    28.019717273477500     0.001074429975386
  90.000000000000000   151.980282726522518     0.001074429975386
 -90.000000000000000    28.019717273477500     0.001074429975386
 -90.000000000000000   151.980282726522518     0.001074429975386
  90.000000000000000    61.980282726522496     0.001074429975386
  90.000000000000000   118.019717273477511     0.001074429975386
 -90.000000000000000    61.980282726522496     0.001074429975386
 -90.000000000000000   118.019717273477511     0.001074429975386
  50.694413285590542    90.000000000000000     0.001129300086569
 -50.694413285590542    90.000000000000000     0.001129300086569
 129.305586714409458    90.000000000000000     0.001129300086569
-129.305586714409458    90.000000000000000     0.001129300086569
  39.305586714409458    90.000000000000000     0.001129300086569
 -39.305586714409458    90.000000000000000     0.001129300086569
 140.694413285590542    90.000000000000000     0.001129300086569
-140.694413285590542    90.000000000000000     0.001129300086569
   0.000000000000000    39.305586714409458     0.001129300086569
   0.000000000000000   140.694413285590542     0.001129300086569
 180.000000000000000    39.305586714409458     0.001129300086569
 180.000000000000000   140.694413285590542     0.001129300086569
   0.000000000000000    50.694413285590542     0.001129300086569
   0.000000000000000   129.305586714409458     0.001129300086569
 180.000000000000000    50.694413285590542     0.001129300086569
 180.000000000000000   129.305586714409458     0.001129300086569
  90.000000000000000    39.305586714409458     0.001129300086569
  90.000000000000000   140.694413285590542     0.001129300086569
 -90.000000000000000    39.305586714409458     0.001129300086569
 -90.000000000000000   140.694413285590542     0.001129300086569
  90.000000000000000    50.694413285590542     0.001129300086569
  90.000000000000000   129.305586714409458     0.001129300086569
 -90.000000000000000    50.694413285590542     0.001129300086569
 -90.000000000000000   129.305586714409458     0.001129300086569
  73.594808386053870    12.211699402618954     0.000843688450090
  73.594808386053870   167.788300597381067     0.000843688450090
 -73.594808386053870    12.211699402618954     0.000843688450090
 -73.594808386053870   167.788300597381067     0.000843688450090
 106.405191613946130    12.211699402618954     0.000843688450090
 106.405191613946130   167.788300597381067     0.000843688450090
-106.405191613946130    12.211699402618954     0.000843688450090
-106.405191613946130   167.788300597381067     0.000843688450090
  86.502230471266770    78.292652034890878     0.000843688450090
  86.502230471266770   101.707347965109122     0.000843688450090
 -86.502230471266770    78.292652034890878     0.000843688450090
 -86.502230471266770   101.707347965109122     0.000843688450090
  93.497769528733244    78.292652034890878     0.000843688450090
  93.497769528733244   101.707347965109122     0.000843688450090
 -93.497769528733244    78.292652034890878     0.000843688450090
 -93.497769528733244   101.707347965109122     0.000843688450090
  16.405191613946123    12.211699402618954     0.000843688450090
  16.405191613946123   167.788300597381067     0.000843688450090
 -16.405191613946123    12.211699402618954     0.000843688450090
 -16.405191613946123   167.788300597381067     0.000843688450090
 163.594808386053870    12.211699402618954     0.000843688450090
 163.594808386053870   167.788300597381067     0.000843688450090
-163.594808386053870    12.211699402618954     0.000843688450090
-163.594808386053870   167.788300597381067     0.000843688450090
  78.271407323421442    86.575083001832894     0.000843688450090
  78.271407323421442    93.424916998167106     0.000843688450090
 -78.271407323421442    86.575083001832894     0.000843688450090
 -78.271407323421442    93.424916998167106     0.000843688450090
 101.728592676578572    86.575083001832894     0.000843688450090
 101.728592676578572    93.424916998167106     0.000843688450090
-101.728592676578572    86.575083001832894     0.000843688450090
-101.728592676578572    93.424916998167106     0.000843688450090
   3.497769528733238    78.292652034890878     0.000843688450090
   3.497769528733238   101.707347965109122     0.000843688450090
  -3.497769528733238    78.292652034890878     0.000843688450090
  -3.497769528733238   101.707347965109122     0.000843688450090
 176.502230471266756    78.292652034890878     0.000843688450090
 176.502230471266756   101.707347965109122     0.000843688450090
-176.502230471266756    78.292652034890878     0.000843688450090
-176.502230471266756   101.707347965109122     0.000843688450090
  11.728592676578565    86.575083001832894     0.000843688450090
  11.728592676578565    93.424916998167106     0.000843688450090
 -11.728592676578565    86.575083001832894     0.000843688450090
 -11.728592676578565    93.424916998167106     0.000843688450090
 168.271407323421414    86.575083001832894     0.000843688450090
 168.271407323421414    93.424916998167106     0.000843688450090
-168.271407323421414    86.575083001832894     0.000843688450090
-168.271407323421414    93.424916998167106     0.000843688450090
  73.358175182939888    28.710462019269407     0.001075255720449
  73.358175182939888   151.289537980730614     0.001075255720449
 -73.358175182939888    28.710462019269407     0.001075255720449
 -73.358175182939888   151.289537980730614     0.001075255720449
 106.641824817060126    28.710462019269407     0.001075255720449
 106.641824817060126   151.289537980730614     0.001075255720449
-106.641824817060126    28.710462019269407     0.001075255720449
-106.641824817060126   151.289537980730614     0.001075255720449
  81.085185072237778    62.595972288684315     0.001075255720449
  81.085185072237778   117.404027711315678     0.001075255720449
 -81.085185072237778    62.595972288684315     0.001075255720449
 -81.085185072237778   117.404027711315678     0.001075255720449
  98.914814927762222    62.595972288684315     0.001075255720449
  98.914814927762222   117.404027711315678     0.001075255720449
 -98.914814927762222    62.595972288684315     0.001075255720449
 -98.914814927762222   117.404027711315678     0.001075255720449
  16.641824817060122    28.710462019269407     0.001075255720449
  16.641824817060122   151.289537980730614     0.001075255720449
 -16.641824817060122    28.710462019269407     0.001075255720449
 -16.641824817060122   151.289537980730614     0.001075255720449
 163.358175182939874    28.710462019269407     0.001075255720449
 163.358175182939874   151.289537980730614     0.001075255720449
-163.358175182939874    28.710462019269407     0.001075255720449
-163.358175182939874   151.289537980730614     0.001075255720449
  62.310437507838522    82.092393644533388     0.001075255720449
  62.310437507838522    97.907606355466612     0.001075255720449
 -62.310437507838522    82.092393644533388     0.001075255720449
 -62.310437507838522    97.907606355466612     0.001075255720449
 117.689562492161485    82.092393644533388     0.001075255720449
 117.689562492161485    97.907606355466612     0.001075255720449
-117.689562492161485    82.092393644533388     0.001075255720449
-117.689562492161485    97.907606355466612     0.001075255720449
   8.914814927762208    62.595972288684315     0.001075255720449
   8.914814927762208   117.404027711315678     0.001075255720449
  -8.914814927762208    62.595972288684315     0.001075255720449
  -8.914814927762208   117.404027711315678     0.001075255720449
 171.085185072237778    62.595972288684315     0.001075255720449
 171.085185072237778   117.404027711315678     0.001075255720449
-171.085185072237778    62.595972288684315     0.001075255720449
-171.085185072237778   117.404027711315678     0.001075255720449
  27.689562492161478    82.092393644533388     0.001075255720449
  27.689562492161478    97.907606355466612     0.001075255720449
 -27.689562492161478    82.092393644533388     0.001075255720449
 -27.689562492161478    97.907606355466612     0.001075255720449
 152.310437507838515    82.092393644533388     0.001075255720449
 152.310437507838515    97.907606355466612     0.001075255720449
-152.310437507838515    82.092393644533388     0.001075255720449
-152.310437507838515    97.907606355466612     0.001075255720449
  56.017349620262891    37.350193927230045     0.001108577236864
  56.017349620262891   142.649806072769962     0.001108577236864
 -56.017349620262891    37.350193927230045     0.001108577236864
 -56.017349620262891   142.649806072769962     0.001108577236864
 123.982650379737123    37.350193927230045     0.001108577236864
 123.982650379737123   142.649806072769962     0.001108577236864
-123.982650379737123    37.350193927230045     0.001108577236864
-123.982650379737123   142.649806072769962     0.001108577236864
  66.898168913359001    59.796854103216710     0.001108577236864
  66.898168913359001   120.203145896783312     0.001108577236864
 -66.898168913359001    59.796854103216710     0.001108577236864
 -66.898168913359001   120.203145896783312     0.001108577236864
 113.101831086641013    59.796854103216710     0.001108577236864
 113.101831086641013   120.203145896783312     0.001108577236864
-113.101831086641013    59.796854103216710     0.001108577236864
-113.101831086641013   120.203145896783312     0.001108577236864
  33.982650379737116    37.350193927230045     0.001108577236864
  33.982650379737116   142.649806072769962     0.001108577236864
 -33.982650379737116    37.350193927230045     0.001108577236864
 -33.982650379737116   142.649806072769962     0.001108577236864
 146.017349620262905    37.350193927230045     0.001108577236864
 146.017349620262905   142.649806072769962     0.001108577236864
-146.017349620262905    37.350193927230045     0.001108577236864
-146.017349620262905   142.649806072769962     0.001108577236864
  57.672934877314887    70.177848647341250     0.001108577236864
  57.672934877314887   109.822151352658750     0.001108577236864
 -57.672934877314887    70.177848647341250     0.001108577236864
 -57.672934877314887   109.822151352658750     0.001108577236864
 122.327065122685113    70.177848647341250     0.001108577236864
 122.327065122685113   109.822151352658750     0.001108577236864
-122.327065122685113    70.177848647341250     0.001108577236864
-122.327065122685113   109.822151352658750     0.001108577236864
  23.101831086640999    59.796854103216710     0.001108577236864
  23.101831086640999   120.203145896783312     0.001108577236864
 -23.101831086640999    59.796854103216710     0.001108577236864
 -23.101831086640999   120.203145896783312     0.001108577236864
 156.898168913359029    59.796854103216710     0.001108577236864
 156.898168913359029   120.203145896783312     0.001108577236864
-156.898168913359029    59.796854103216710     0.001108577236864
-156.898168913359029   120.203145896783312     0.001108577236864
  32.327065122685106    70.177848647341250     0.001108577236864
  32.327065122685106   109.822151352658750     0.001108577236864
 -32.327065122685106    70.177848647341250     0.001108577236864
 -32.327065122685106   109.822151352658750     0.001108577236864
 147.672934877314901    70.177848647341250     0.001108577236864
 147.672934877314901   109.822151352658750     0.001108577236864
-147.672934877314901    70.177848647341250     0.001108577236864
-147.672934877314901   109.822151352658750     0.001108577236864
  65.708832910620174    18.006737973637449     0.000956647532378
  65.708832910620174   161.993262026362544     0.000956647532378
 -65.708832910620174    18.006737973637449     0.000956647532378
 -65.708832910620174   161.993262026362544     0.000956647532378
 114.291167089379840    18.006737973637449     0.000956647532378
 114.291167089379840   161.993262026362544     0.000956647532378
-114.291167089379840    18.006737973637449     0.000956647532378
-114.291167089379840   161.993262026362544     0.000956647532378
  82.383761864941434    73.634686519380807     0.000956647532378
  82.383761864941434   106.365313480619207     0.000956647532378
 -82.383761864941434    73.634686519380807     0.000956647532378
 -82.383761864941434   106.365313480619207     0.000956647532378
  97.616238135058566    73.634686519380807     0.000956647532378
  97.616238135058566   106.365313480619207     0.000956647532378
 -97.616238135058566    73.634686519380807     0.000956647532378
 -97.616238135058566   106.365313480619207     0.000956647532378
  24.291167089379833    18.006737973637449     0.000956647532378
  24.291167089379833   161.993262026362544     0.000956647532378
 -24.291167089379833    18.006737973637449     0.000956647532378
 -24.291167089379833   161.993262026362544     0.000956647532378
 155.708832910620174    18.006737973637449     0.000956647532378
 155.708832910620174   161.993262026362544     0.000956647532378
-155.708832910620174    18.006737973637449     0.000956647532378
-155.708832910620174   161.993262026362544     0.000956647532378
  73.496918650664043    82.694055437048689     0.000956647532378
  73.496918650664043    97.305944562951325     0.000956647532378
 -73.496918650664043    82.694055437048689     0.000956647532378
 -73.496918650664043    97.305944562951325     0.000956647532378
 106.503081349335972    82.694055437048689     0.000956647532378
 106.503081349335972    97.305944562951325     0.000956647532378
-106.503081349335972    82.694055437048689     0.000956647532378
-106.503081349335972    97.305944562951325     0.000956647532378
   7.616238135058585    73.634686519380807     0.000956647532378
   7.616238135058585   106.365313480619207     0.000956647532378
  -7.616238135058585    73.634686519380807     0.000956647532378
  -7.616238135058585   106.365313480619207     0.000956647532378
 172.383761864941420    73.634686519380807     0.000956647532378
 172.383761864941420   106.365313480619207     0.000956647532378
-172.383761864941420    73.634686519380807     0.000956647532378
-172.383761864941420   106.365313480619207     0.000956647532378
  16.503081349335968    82.694055437048689     0.000956647532378
  16.503081349335968    97.305944562951325     0.000956647532378
 -16.503081349335968    82.694055437048689     0.000956647532378
 -16.503081349335968    97.305944562951325     0.000956647532378
 163.496918650664043    82.694055437048689     0.000956647532378
 163.496918650664043    97.305944562951325     0.000956647532378
-163.496918650664043    82.694055437048689     0.000956647532378
-163.496918650664043    97.305944562951325     0.000956647532378
  58.128979440898647    30.667305432072521     0.001080663250717
  58.128979440898647   149.332694567927490     0.001080663250717
 -58.128979440898647    30.667305432072521     0.001080663250717
 -58.128979440898647   149.332694567927490     0.001080663250717
 121.871020559101353    30.667305432072521     0.001080663250717
 121.871020559101353   149.332694567927490     0.001080663250717
-121.871020559101353    30.667305432072521     0.001080663250717
-121.871020559101353   149.332694567927490     0.001080663250717
  72.614591600188504    64.331976572328941     0.001080663250717
  72.614591600188504   115.668023427671073     0.001080663250717
 -72.614591600188504    64.331976572328941     0.001080663250717
 -72.614591600188504   115.668023427671073     0.001080663250717
 107.385408399811496    64.331976572328941     0.001080663250717
 107.385408399811496   115.668023427671073     0.001080663250717
-107.385408399811496    64.331976572328941     0.001080663250717
-107.385408399811496   115.668023427671073     0.001080663250717
  31.871020559101350    30.667305432072521     0.001080663250717
  31.871020559101350   149.332694567927490     0.001080663250717
 -31.871020559101350    30.667305432072521     0.001080663250717
 -31.871020559101350   149.332694567927490     0.001080663250717
 148.128979440898661    30.667305432072521     0.001080663250717
 148.128979440898661   149.332694567927490     0.001080663250717
-148.128979440898661    30.667305432072521     0.001080663250717
-148.128979440898661   149.332694567927490     0.001080663250717
  63.270818617192909    74.376664640926549     0.001080663250717
  63.270818617192909   105.623335359073451     0.001080663250717
 -63.270818617192909    74.376664640926549     0.001080663250717
 -63.270818617192909   105.623335359073451     0.001080663250717
 116.729181382807099    74.376664640926549     0.001080663250717
 116.729181382807099   105.623335359073451     0.001080663250717
-116.729181382807099    74.376664640926549     0.001080663250717
-116.729181382807099   105.623335359073451     0.001080663250717
  17.385408399811503    64.331976572328941     0.001080663250717
  17.385408399811503   115.668023427671073     0.001080663250717
 -17.385408399811503    64.331976572328941     0.001080663250717
 -17.385408399811503   115.668023427671073     0.001080663250717
 162.614591600188504    64.331976572328941     0.001080663250717
 162.614591600188504   115.668023427671073     0.001080663250717
-162.614591600188504    64.331976572328941     0.001080663250717
-162.614591600188504   115.668023427671073     0.001080663250717
  26.729181382807106    74.376664640926549     0.001080663250717
  26.729181382807106   105.623335359073451     0.001080663250717
 -26.729181382807106    74.376664640926549     0.001080663250717
 -26.729181382807106   105.623335359073451     0.001080663250717
 153.270818617192901    74.376664640926549     0.001080663250717
 153.270818617192901   105.623335359073451     0.001080663250717
-153.270818617192901    74.376664640926549     0.001080663250717
-153.270818617192901   105.623335359073451     0.001080663250717
  77.213759711293790    39.905623903915462     0.001126797131196
  77.213759711293790   140.094376096084545     0.001126797131196
 -77.213759711293790    39.905623903915462     0.001126797131196
 -77.213759711293790   140.094376096084545     0.001126797131196
 102.786240288706225    39.905623903915462     0.001126797131196
 102.786240288706225   140.094376096084545     0.001126797131196
-102.786240288706225    39.905623903915462     0.001126797131196
-102.786240288706225   140.094376096084545     0.001126797131196
  79.514106378624632    51.272531445048557     0.001126797131196
  79.514106378624632   128.727468554951457     0.001126797131196
 -79.514106378624632    51.272531445048557     0.001126797131196
 -79.514106378624632   128.727468554951457     0.001126797131196
 100.485893621375382    51.272531445048557     0.001126797131196
 100.485893621375382   128.727468554951457     0.001126797131196
-100.485893621375382    51.272531445048557     0.001126797131196
-100.485893621375382   128.727468554951457     0.001126797131196
  12.786240288706203    39.905623903915462     0.001126797131196
  12.786240288706203   140.094376096084545     0.001126797131196
 -12.786240288706203    39.905623903915462     0.001126797131196
 -12.786240288706203   140.094376096084545     0.001126797131196
 167.213759711293818    39.905623903915462     0.001126797131196
 167.213759711293818   140.094376096084545     0.001126797131196
-167.213759711293818    39.905623903915462     0.001126797131196
-167.213759711293818   140.094376096084545     0.001126797131196
  50.800741952703568    81.837641864202453     0.001126797131196
  50.800741952703568    98.162358135797547     0.001126797131196
 -50.800741952703568    81.837641864202453     0.001126797131196
 -50.800741952703568    98.162358135797547     0.001126797131196
 129.199258047296439    81.837641864202453     0.001126797131196
 129.199258047296439    98.162358135797547     0.001126797131196
-129.199258047296439    81.837641864202453     0.001126797131196
-129.199258047296439    98.162358135797547     0.001126797131196
  10.485893621375384    51.272531445048557     0.001126797131196
  10.485893621375384   128.727468554951457     0.001126797131196
 -10.485893621375384    51.272531445048557     0.001126797131196
 -10.485893621375384   128.727468554951457     0.001126797131196
 169.514106378624632    51.272531445048557     0.001126797131196
 169.514106378624632   128.727468554951457     0.001126797131196
-169.514106378624632    51.272531445048557     0.001126797131196
-169.514106378624632   128.727468554951457     0.001126797131196
  39.199258047296432    81.837641864202453     0.001126797131196
  39.199258047296432    98.162358135797547     0.001126797131196
 -39.199258047296432    81.837641864202453     0.001126797131196
 -39.199258047296432    98.162358135797547     0.001126797131196
 140.800741952703589    81.837641864202453     0.001126797131196
 140.800741952703589    98.162358135797547     0.001126797131196
-140.800741952703589    81.837641864202453     0.001126797131196
-140.800741952703589    98.162358135797547     0.001126797131196
  79.982900639372843    22.688413318020498     0.001022568715358
  79.982900639372843   157.311586681979520     0.001022568715358
 -79.982900639372843    22.688413318020498     0.001022568715358
 -79.982900639372843   157.311586681979520     0.001022568715358
 100.017099360627171    22.688413318020498     0.001022568715358
 100.017099360627171   157.311586681979520     0.001022568715358
-100.017099360627171    22.688413318020498     0.001022568715358
-100.017099360627171   157.311586681979520     0.001022568715358
  85.840759705290836    67.676257382005090     0.001022568715358
  85.840759705290836   112.323742617994924     0.001022568715358
 -85.840759705290836    67.676257382005090     0.001022568715358
 -85.840759705290836   112.323742617994924     0.001022568715358
  94.159240294709178    67.676257382005090     0.001022568715358
  94.159240294709178   112.323742617994924     0.001022568715358
 -94.159240294709178    67.676257382005090     0.001022568715358
 -94.159240294709178   112.323742617994924     0.001022568715358
  10.017099360627174    22.688413318020498     0.001022568715358
  10.017099360627174   157.311586681979520     0.001022568715358
 -10.017099360627174    22.688413318020498     0.001022568715358
 -10.017099360627174   157.311586681979520     0.001022568715358
 169.982900639372843    22.688413318020498     0.001022568715358
 169.982900639372843   157.311586681979520     0.001022568715358
-169.982900639372843    22.688413318020498     0.001022568715358
-169.982900639372843   157.311586681979520     0.001022568715358
  67.623116237741812    86.152973198834189     0.001022568715358
  67.623116237741812    93.847026801165811     0.001022568715358
 -67.623116237741812    86.152973198834189     0.001022568715358
 -67.623116237741812    93.847026801165811     0.001022568715358
 112.376883762258188    86.152973198834189     0.001022568715358
 112.376883762258188    93.847026801165811     0.001022568715358
-112.376883762258188    86.152973198834189     0.001022568715358
-112.376883762258188    93.847026801165811     0.001022568715358
   4.159240294709168    67.676257382005090     0.001022568715358
   4.159240294709168   112.323742617994924     0.001022568715358
  -4.159240294709168    67.676257382005090     0.001022568715358
  -4.159240294709168   112.323742617994924     0.001022568715358
 175.840759705290822    67.676257382005090     0.001022568715358
 175.840759705290822   112.323742617994924     0.001022568715358
-175.840759705290822    67.676257382005090     0.001022568715358
-175.840759705290822   112.323742617994924     0.001022568715358
  22.376883762258188    86.152973198834189     0.001022568715358
  22.376883762258188    93.847026801165811     0.001022568715358
 -22.376883762258188    86.152973198834189     0.001022568715358
 -22.376883762258188    93.847026801165811     0.001022568715358
 157.623116237741812    86.152973198834189     0.001022568715358
 157.623116237741812    93.847026801165811     0.001022568715358
-157.623116237741812    86.152973198834189     0.001022568715358
-157.623116237741812    93.847026801165811     0.001022568715358
  82.710573795635327    33.796592444022281     0.001108960267713
  82.710573795635327   146.203407555977719     0.001108960267713
 -82.710573795635327    33.796592444022281     0.001108960267713
 -82.710573795635327   146.203407555977719     0.001108960267713
  97.289426204364673    33.796592444022281     0.001108960267713
  97.289426204364673   146.203407555977719     0.001108960267713
 -97.289426204364673    33.796592444022281     0.001108960267713
 -97.289426204364673   146.203407555977719     0.001108960267713
  85.145583309468307    56.512809447335840     0.001108960267713
  85.145583309468307   123.487190552664160     0.001108960267713
 -85.145583309468307    56.512809447335840     0.001108960267713
 -85.145583309468307   123.487190552664160     0.001108960267713
  94.854416690531707    56.512809447335840     0.001108960267713
  94.854416690531707   123.487190552664160     0.001108960267713
 -94.854416690531707    56.512809447335840     0.001108960267713
 -94.854416690531707   123.487190552664160     0.001108960267713
   7.289426204364677    33.796592444022281     0.001108960267713
   7.289426204364677   146.203407555977719     0.001108960267713
  -7.289426204364677    33.796592444022281     0.001108960267713
  -7.289426204364677   146.203407555977719     0.001108960267713
 172.710573795635355    33.796592444022281     0.001108960267713
 172.710573795635355   146.203407555977719     0.001108960267713
-172.710573795635355    33.796592444022281     0.001108960267713
-172.710573795635355   146.203407555977719     0.001108960267713
  56.417998208550443    85.952849215565678     0.001108960267713
  56.417998208550443    94.047150784434336     0.001108960267713
 -56.417998208550443    85.952849215565678     0.001108960267713
 -56.417998208550443    94.047150784434336     0.001108960267713
 123.582001791449557    85.952849215565678     0.001108960267713
 123.582001791449557    94.047150784434336     0.001108960267713
-123.582001791449557    85.952849215565678     0.001108960267713
-123.582001791449557    94.047150784434336     0.001108960267713
   4.854416690531735    56.512809447335840     0.001108960267713
   4.854416690531735   123.487190552664160     0.001108960267713
  -4.854416690531735    56.512809447335840     0.001108960267713
  -4.854416690531735   123.487190552664160     0.001108960267713
 175.145583309468265    56.512809447335840     0.001108960267713
 175.145583309468265   123.487190552664160     0.001108960267713
-175.145583309468265    56.512809447335840     0.001108960267713
-175.145583309468265   123.487190552664160     0.001108960267713
  33.582001791449549    85.952849215565678     0.001108960267713
  33.582001791449549    94.047150784434336     0.001108960267713
 -33.582001791449549    85.952849215565678     0.001108960267713
 -33.582001791449549    94.047150784434336     0.001108960267713
 146.417998208550472    85.952849215565678     0.001108960267713
 146.417998208550472    94.047150784434336     0.001108960267713
-146.417998208550472    85.952849215565678     0.001108960267713
-146.417998208550472    94.047150784434336     0.001108960267713
  65.217125498671777    41.615313908764897     0.001122790653436
  65.217125498671777   138.384686091235096     0.001122790653436
 -65.217125498671777    41.615313908764897     0.001122790653436
 -65.217125498671777   138.384686091235096     0.001122790653436
 114.782874501328237    41.615313908764897     0.001122790653436
 114.782874501328237   138.384686091235096     0.001122790653436
-114.782874501328237    41.615313908764897     0.001122790653436
-114.782874501328237   138.384686091235096     0.001122790653436
  69.576356436990679    52.917674942655331     0.001122790653436
  69.576356436990679   127.082325057344676     0.001122790653436
 -69.576356436990679    52.917674942655331     0.001122790653436
 -69.576356436990679   127.082325057344676     0.001122790653436
 110.423643563009321    52.917674942655331     0.001122790653436
 110.423643563009321   127.082325057344676     0.001122790653436
-110.423643563009321    52.917674942655331     0.001122790653436
-110.423643563009321   127.082325057344676     0.001122790653436
  24.782874501328230    41.615313908764897     0.001122790653436
  24.782874501328230   138.384686091235096     0.001122790653436
 -24.782874501328230    41.615313908764897     0.001122790653436
 -24.782874501328230   138.384686091235096     0.001122790653436
 155.217125498671777    41.615313908764897     0.001122790653436
 155.217125498671777   138.384686091235096     0.001122790653436
-155.217125498671777    41.615313908764897     0.001122790653436
-155.217125498671777   138.384686091235096     0.001122790653436
  51.113550112052607    73.835930377981001     0.001122790653436
  51.113550112052607   106.164069622018999     0.001122790653436
 -51.113550112052607    73.835930377981001     0.001122790653436
 -51.113550112052607   106.164069622018999     0.001122790653436
 128.886449887947407    73.835930377981001     0.001122790653436
 128.886449887947407   106.164069622018999     0.001122790653436
-128.886449887947407    73.835930377981001     0.001122790653436
-128.886449887947407   106.164069622018999     0.001122790653436
  20.423643563009321    52.917674942655331     0.001122790653436
  20.423643563009321   127.082325057344676     0.001122790653436
 -20.423643563009321    52.917674942655331     0.001122790653436
 -20.423643563009321   127.082325057344676     0.001122790653436
 159.576356436990693    52.917674942655331     0.001122790653436
 159.576356436990693   127.082325057344676     0.001122790653436
-159.576356436990693    52.917674942655331     0.001122790653436
-159.576356436990693   127.082325057344676     0.001122790653436
  38.886449887947400    73.835930377981001     0.001122790653436
  38.886449887947400   106.164069622018999     0.001122790653436
 -38.886449887947400    73.835930377981001     0.001122790653436
 -38.886449887947400   106.164069622018999     0.001122790653436
 141.113550112052621    73.835930377981001     0.001122790653436
 141.113550112052621   106.164069622018999     0.001122790653436
-141.113550112052621    73.835930377981001     0.001122790653436
-141.113550112052621   106.164069622018999     0.001122790653436
  61.124353127370732    24.200242889558695     0.001032401847117
  61.124353127370732   155.799757110441305     0.001032401847117
 -61.124353127370732    24.200242889558695     0.001032401847117
 -61.124353127370732   155.799757110441305     0.001032401847117
 118.875646872629261    24.200242889558695     0.001032401847117
 118.875646872629261   155.799757110441305     0.001032401847117
-118.875646872629261    24.200242889558695     0.001032401847117
-118.875646872629261   155.799757110441305     0.001032401847117
  77.754944272375170    68.963621346098677     0.001032401847117
  77.754944272375170   111.036378653901338     0.001032401847117
 -77.754944272375170    68.963621346098677     0.001032401847117
 -77.754944272375170   111.036378653901338     0.001032401847117
 102.245055727624830    68.963621346098677     0.001032401847117
 102.245055727624830   111.036378653901338     0.001032401847117
-102.245055727624830    68.963621346098677     0.001032401847117
-102.245055727624830   111.036378653901338     0.001032401847117
  28.875646872629272    24.200242889558695     0.001032401847117
  28.875646872629272   155.799757110441305     0.001032401847117
 -28.875646872629272    24.200242889558695     0.001032401847117
 -28.875646872629272   155.799757110441305     0.001032401847117
 151.124353127370739    24.200242889558695     0.001032401847117
 151.124353127370739   155.799757110441305     0.001032401847117
-151.124353127370739    24.200242889558695     0.001032401847117
-151.124353127370739   155.799757110441305     0.001032401847117
  68.518075010527127    78.582432432127391     0.001032401847117
  68.518075010527127   101.417567567872609     0.001032401847117
 -68.518075010527127    78.582432432127391     0.001032401847117
 -68.518075010527127   101.417567567872609     0.001032401847117
 111.481924989472873    78.582432432127391     0.001032401847117
 111.481924989472873   101.417567567872609     0.001032401847117
-111.481924989472873    78.582432432127391     0.001032401847117
-111.481924989472873   101.417567567872609     0.001032401847117
  12.245055727624845    68.963621346098677     0.001032401847117
  12.245055727624845   111.036378653901338     0.001032401847117
 -12.245055727624845    68.963621346098677     0.001032401847117
 -12.245055727624845   111.036378653901338     0.001032401847117
 167.754944272375155    68.963621346098677     0.001032401847117
 167.754944272375155   111.036378653901338     0.001032401847117
-167.754944272375155    68.963621346098677     0.001032401847117
-167.754944272375155   111.036378653901338     0.001032401847117
  21.481924989472873    78.582432432127391     0.001032401847117
  21.481924989472873   101.417567567872609     0.001032401847117
 -21.481924989472873    78.582432432127391     0.001032401847117
 -21.481924989472873   101.417567567872609     0.001032401847117
 158.518075010527127    78.582432432127391     0.001032401847117
 158.518075010527127   101.417567567872609     0.001032401847117
-158.518075010527127    78.582432432127391     0.001032401847117
-158.518075010527127   101.417567567872609     0.001032401847117
  68.681877649794174    35.040287055093906     0.001107249382284
  68.681877649794174   144.959712944906101     0.001107249382284
 -68.681877649794174    35.040287055093906     0.001107249382284
 -68.681877649794174   144.959712944906101     0.001107249382284
 111.318122350205840    35.040287055093906     0.001107249382284
 111.318122350205840   144.959712944906101     0.001107249382284
-111.318122350205840    35.040287055093906     0.001107249382284
-111.318122350205840   144.959712944906101     0.001107249382284
  75.697744769039403    57.665132021988576     0.001107249382284
  75.697744769039403   122.334867978011431     0.001107249382284
 -75.697744769039403    57.665132021988576     0.001107249382284
 -75.697744769039403   122.334867978011431     0.001107249382284
 104.302255230960597    57.665132021988576     0.001107249382284
 104.302255230960597   122.334867978011431     0.001107249382284
-104.302255230960597    57.665132021988576     0.001107249382284
-104.302255230960597   122.334867978011431     0.001107249382284
  21.318122350205819    35.040287055093906     0.001107249382284
  21.318122350205819   144.959712944906101     0.001107249382284
 -21.318122350205819    35.040287055093906     0.001107249382284
 -21.318122350205819   144.959712944906101     0.001107249382284
 158.681877649794188    35.040287055093906     0.001107249382284
 158.681877649794188   144.959712944906101     0.001107249382284
-158.681877649794188    35.040287055093906     0.001107249382284
-158.681877649794188   144.959712944906101     0.001107249382284
  56.844482654673293    77.952021247424597     0.001107249382284
  56.844482654673293   102.047978752575403     0.001107249382284
 -56.844482654673293    77.952021247424597     0.001107249382284
 -56.844482654673293   102.047978752575403     0.001107249382284
 123.155517345326729    77.952021247424597     0.001107249382284
 123.155517345326729   102.047978752575403     0.001107249382284
-123.155517345326729    77.952021247424597     0.001107249382284
-123.155517345326729   102.047978752575403     0.001107249382284
  14.302255230960601    57.665132021988576     0.001107249382284
  14.302255230960601   122.334867978011431     0.001107249382284
 -14.302255230960601    57.665132021988576     0.001107249382284
 -14.302255230960601   122.334867978011431     0.001107249382284
 165.697744769039417    57.665132021988576     0.001107249382284
 165.697744769039417   122.334867978011431     0.001107249382284
-165.697744769039417    57.665132021988576     0.001107249382284
-165.697744769039417   122.334867978011431     0.001107249382284
  33.155517345326714    77.952021247424597     0.001107249382284
  33.155517345326714   102.047978752575403     0.001107249382284
 -33.155517345326714    77.952021247424597     0.001107249382284
 -33.155517345326714   102.047978752575403     0.001107249382284
 146.844482654673300    77.952021247424597     0.001107249382284
 146.844482654673300   102.047978752575403     0.001107249382284
-146.844482654673300    77.952021247424597     0.001107249382284
-146.844482654673300   102.047978752575403     0.001107249382284
  54.451944866032612    44.226190979403867     0.001121780048520
  54.451944866032612   135.773809020596133     0.001121780048520
 -54.451944866032612    44.226190979403867     0.001121780048520
 -54.451944866032612   135.773809020596133     0.001121780048520
 125.548055133967395    44.226190979403867     0.001121780048520
 125.548055133967395   135.773809020596133     0.001121780048520
-125.548055133967395    44.226190979403867     0.001121780048520
-125.548055133967395   135.773809020596133     0.001121780048520
  60.494909227141029    55.423940578837794     0.001121780048520
  60.494909227141029   124.576059421162213     0.001121780048520
 -60.494909227141029    55.423940578837794     0.001121780048520
 -60.494909227141029   124.576059421162213     0.001121780048520
 119.505090772858978    55.423940578837794     0.001121780048520
 119.505090772858978   124.576059421162213     0.001121780048520
-119.505090772858978    55.423940578837794     0.001121780048520
-119.505090772858978   124.576059421162213     0.001121780048520
  35.548055133967381    44.226190979403867     0.001121780048520
  35.548055133967381   135.773809020596133     0.001121780048520
 -35.548055133967381    44.226190979403867     0.001121780048520
 -35.548055133967381   135.773809020596133     0.001121780048520
 144.451944866032619    44.226190979403867     0.001121780048520
 144.451944866032619   135.773809020596133     0.001121780048520
-144.451944866032619    44.226190979403867     0.001121780048520
-144.451944866032619   135.773809020596133     0.001121780048520
  51.622790043061748    66.076770927275177     0.001121780048520
  51.622790043061748   113.923229072724823     0.001121780048520
 -51.622790043061748    66.076770927275177     0.001121780048520
 -51.622790043061748   113.923229072724823     0.001121780048520
 128.377209956938259    66.076770927275177     0.001121780048520
 128.377209956938259   113.923229072724823     0.001121780048520
-128.377209956938259    66.076770927275177     0.001121780048520
-128.377209956938259   113.923229072724823     0.001121780048520
  29.505090772858978    55.423940578837794     0.001121780048520
  29.505090772858978   124.576059421162213     0.001121780048520
 -29.505090772858978    55.423940578837794     0.001121780048520
 -29.505090772858978   124.576059421162213     0.001121780048520
 150.494909227141051    55.423940578837794     0.001121780048520
 150.494909227141051   124.576059421162213     0.001121780048520
-150.494909227141051    55.423940578837794     0.001121780048520
-150.494909227141051   124.576059421162213     0.001121780048520
  38.377209956938259    66.076770927275177     0.001121780048520
  38.377209956938259   113.923229072724823     0.001121780048520
 -38.377209956938259    66.076770927275177     0.001121780048520
 -38.377209956938259   113.923229072724823     0.001121780048520
 141.622790043061741    66.076770927275177     0.001121780048520
 141.622790043061741   113.923229072724823     0.001121780048520
-141.622790043061741    66.076770927275177     0.001121780048520
-141.622790043061741   113.923229072724823     0.001121780048520
