   0.000000000000000    90.000000000000000     0.000077771607433
 180.000000000000000    90.000000000000000     0.000077771607433
  90.000000000000000    90.000000000000000     0.000077771607433
 -90.000000000000000    90.000000000000000     0.000077771607433
  90.000000000000000     0.000000000000000     0.000077771607433
  90.000000000000000   180.000000000000000     0.000077771607433
  45.000000000000000    54.735610317245346     0.000755764641300
  45.000000000000000   125.264389682754654     0.000755764641300
 -45.000000000000000    54.735610317245346     0.000755764641300
 -45.000000000000000   125.264389682754654     0.000755764641300
 135.000000000000000    54.735610317245346     0.000755764641300
 135.000000000000000   125.264389682754654     0.000755764641300
-135.000000000000000    54.735610317245346     0.000755764641300
-135.000000000000000   125.264389682754654     0.000755764641300
  45.000000000000007     2.617555194710803     0.000284163380609
  45.000000000000007   177.382444805289197     0.000284163380609
 -45.000000000000007     2.617555194710803     0.000284163380609
 -45.000000000000007   177.382444805289197     0.000284163380609
 135.000000000000000     2.617555194710803     0.000284163380609
 135.000000000000000   177.382444805289197     0.000284163380609
-135.000000000000000     2.617555194710803     0.000284163380609
-135.000000000000000   177.382444805289197     0.000284163380609
  88.148465000211829    88.149431007863924     0.000284163380609
 -88.148465000211829    88.149431007863924     0.000284163380609
  88.148465000211829    91.850568992136076     0.000284163380609
 -88.148465000211829    91.850568992136076     0.000284163380609
  91.851534999788171    88.149431007863924     0.000284163380609
 -91.851534999788171    88.149431007863924     0.000284163380609
  91.851534999788171    91.850568992136076     0.000284163380609
 -91.851534999788171    91.850568992136076     0.000284163380609
   1.851534999788107    88.149431007863924     0.000284163380609
 178.148465000211900    88.149431007863924     0.000284163380609
   1.851534999788107    91.850568992136076     0.000284163380609
 178.148465000211900    91.850568992136076     0.000284163380609
  -1.851534999788107    88.149431007863924     0.000284163380609
-178.148465000211900    88.149431007863924     0.000284163380609
  -1.851534999788107    91.850568992136076     0.000284163380609
-178.148465000211900    91.850568992136076     0.000284163380609
  45.000000000000007     6.526144242497378     0.000437441912705
  45.000000000000007   173.473855757502633     0.000437441912705
 -45.000000000000007     6.526144242497378     0.000437441912705
 -45.000000000000007   173.473855757502633     0.000437441912705
 135.000000000000000     6.526144242497378     0.000437441912705
 135.000000000000000   173.473855757502633     0.000437441912705
-135.000000000000000     6.526144242497378     0.000437441912705
-135.000000000000000   173.473855757502633     0.000437441912705
  85.375327889129579    85.390319663089628     0.000437441912705
 -85.375327889129579    85.390319663089628     0.000437441912705
  85.375327889129579    94.609680336910372     0.000437441912705
 -85.375327889129579    94.609680336910372     0.000437441912705
  94.624672110870421    85.390319663089628     0.000437441912705
 -94.624672110870421    85.390319663089628     0.000437441912705
  94.624672110870421    94.609680336910372     0.000437441912705
 -94.624672110870421    94.609680336910372     0.000437441912705
   4.624672110870429    85.390319663089628     0.000437441912705
 175.375327889129579    85.390319663089628     0.000437441912705
   4.624672110870429    94.609680336910372     0.000437441912705
 175.375327889129579    94.609680336910372     0.000437441912705
  -4.624672110870429    85.390319663089628     0.000437441912705
-175.375327889129579    85.390319663089628     0.000437441912705
  -4.624672110870429    94.609680336910372     0.000437441912705
-175.375327889129579    94.609680336910372     0.000437441912705
  45.000000000000007    11.041825372710679     0.000541717474087
  45.000000000000007   168.958174627289338     0.000541717474087
 -45.000000000000007    11.041825372710679     0.000541717474087
 -45.000000000000007   168.958174627289338     0.000541717474087
 135.000000000000000    11.041825372710679     0.000541717474087
 135.000000000000000   168.958174627289338     0.000541717474087
-135.000000000000000    11.041825372710679     0.000541717474087
-135.000000000000000   168.958174627289338     0.000541717474087
  82.143742676301855    82.216572624661822     0.000541717474087
 -82.143742676301855    82.216572624661822     0.000541717474087
  82.143742676301855    97.783427375338178     0.000541717474087
 -82.143742676301855    97.783427375338178     0.000541717474087
  97.856257323698145    82.216572624661822     0.000541717474087
 -97.856257323698145    82.216572624661822     0.000541717474087
  97.856257323698145    97.783427375338178     0.000541717474087
 -97.856257323698145    97.783427375338178     0.000541717474087
   7.856257323698128    82.216572624661822     0.000541717474087
 172.143742676301855    82.216572624661822     0.000541717474087
   7.856257323698128    97.783427375338178     0.000541717474087
 172.143742676301855    97.783427375338178     0.000541717474087
  -7.856257323698128    82.216572624661822     0.000541717474087
-172.143742676301855    82.216572624661822     0.000541717474087
  -7.856257323698128    97.783427375338178     0.000541717474087
-172.143742676301855    97.783427375338178     0.000541717474087
  45.000000000000000    15.914994420187364     0.000614800089136
  45.000000000000000   164.085005579812645     0.000614800089136
 -45.000000000000000    15.914994420187364     0.000614800089136
 -45.000000000000000   164.085005579812645     0.000614800089136
 135.000000000000000    15.914994420187364     0.000614800089136
 135.000000000000000   164.085005579812645     0.000614800089136
-135.000000000000000    15.914994420187364     0.000614800089136
-135.000000000000000   164.085005579812645     0.000614800089136
  78.600584831577024    78.819739245139971     0.000614800089136
 -78.600584831577024    78.819739245139971     0.000614800089136
  78.600584831577024   101.180260754860043     0.000614800089136
 -78.600584831577024   101.180260754860043     0.000614800089136
 101.399415168422991    78.819739245139971     0.000614800089136
-101.399415168422991    78.819739245139971     0.000614800089136
 101.399415168422991   101.180260754860043     0.000614800089136
-101.399415168422991   101.180260754860043     0.000614800089136
  11.399415168423003    78.819739245139971     0.000614800089136
 168.600584831577009    78.819739245139971     0.000614800089136
  11.399415168423003   101.180260754860043     0.000614800089136
 168.600584831577009   101.180260754860043     0.000614800089136
 -11.399415168423003    78.819739245139971     0.000614800089136
-168.600584831577009    78.819739245139971     0.000614800089136
 -11.399415168423003   101.180260754860043     0.000614800089136
-168.600584831577009   101.180260754860043     0.000614800089136
  45.000000000000000    21.028641412161818     0.000666439448580
  45.000000000000000   158.971358587838182     0.000666439448580
 -45.000000000000000    21.028641412161818     0.000666439448580
 -45.000000000000000   158.971358587838182     0.000666439448580
 135.000000000000000    21.028641412161818     0.000666439448580
 135.000000000000000   158.971358587838182     0.000666439448580
-135.000000000000000    21.028641412161818     0.000666439448580
-135.000000000000000   158.971358587838182     0.000666439448580
  74.792289558930406    75.301396339207486     0.000666439448580
 -74.792289558930406    75.301396339207486     0.000666439448580
  74.792289558930406   104.698603660792529     0.000666439448580
 -74.792289558930406   104.698603660792529     0.000666439448580
 105.207710441069608    75.301396339207486     0.000666439448580
-105.207710441069608    75.301396339207486     0.000666439448580
 105.207710441069608   104.698603660792529     0.000666439448580
-105.207710441069608   104.698603660792529     0.000666439448580
  15.207710441069576    75.301396339207486     0.000666439448580
 164.792289558930435    75.301396339207486     0.000666439448580
  15.207710441069576   104.698603660792529     0.000666439448580
 164.792289558930435   104.698603660792529     0.000666439448580
 -15.207710441069576    75.301396339207486     0.000666439448580
-164.792289558930435    75.301396339207486     0.000666439448580
 -15.207710441069576   104.698603660792529     0.000666439448580
-164.792289558930435   104.698603660792529     0.000666439448580
  45.000000000000007    26.320473885763484     0.000702503935692
  45.000000000000007   153.679526114236523     0.000702503935692
 -45.000000000000007    26.320473885763484     0.000702503935692
 -45.000000000000007   153.679526114236523     0.000702503935692
 135.000000000000000    26.320473885763484     0.000702503935692
 135.000000000000000   153.679526114236523     0.000702503935692
-135.000000000000000    26.320473885763484     0.000702503935692
-135.000000000000000   153.679526114236523     0.000702503935692
  70.720755772542958    71.728199007021246     0.000702503935692
 -70.720755772542958    71.728199007021246     0.000702503935692
  70.720755772542958   108.271800992978754     0.000702503935692
 -70.720755772542958   108.271800992978754     0.000702503935692
 109.279244227457042    71.728199007021246     0.000702503935692
-109.279244227457042    71.728199007021246     0.000702503935692
 109.279244227457042   108.271800992978754     0.000702503935692
-109.279244227457042   108.271800992978754     0.000702503935692
  19.279244227457056    71.728199007021246     0.000702503935692
 160.720755772542958    71.728199007021246     0.000702503935692
  19.279244227457056   108.271800992978754     0.000702503935692
 160.720755772542958   108.271800992978754     0.000702503935692
 -19.279244227457056    71.728199007021246     0.000702503935692
-160.720755772542958    71.728199007021246     0.000702503935692
 -19.279244227457056   108.271800992978754     0.000702503935692
-160.720755772542958   108.271800992978754     0.000702503935692
  45.000000000000007    31.756327363719716     0.000726851178925
  45.000000000000007   148.243672636280309     0.000726851178925
 -45.000000000000007    31.756327363719716     0.000726851178925
 -45.000000000000007   148.243672636280309     0.000726851178925
 135.000000000000000    31.756327363719716     0.000726851178925
 135.000000000000000   148.243672636280309     0.000726851178925
-135.000000000000000    31.756327363719716     0.000726851178925
-135.000000000000000   148.243672636280309     0.000726851178925
  66.362016889490320    68.151365275007294     0.000726851178925
 -66.362016889490320    68.151365275007294     0.000726851178925
  66.362016889490320   111.848634724992706     0.000726851178925
 -66.362016889490320   111.848634724992706     0.000726851178925
 113.637983110509694    68.151365275007294     0.000726851178925
-113.637983110509694    68.151365275007294     0.000726851178925
 113.637983110509694   111.848634724992706     0.000726851178925
-113.637983110509694   111.848634724992706     0.000726851178925
  23.637983110509683    68.151365275007294     0.000726851178925
 156.362016889490349    68.151365275007294     0.000726851178925
  23.637983110509683   111.848634724992706     0.000726851178925
 156.362016889490349   111.848634724992706     0.000726851178925
 -23.637983110509683    68.151365275007294     0.000726851178925
-156.362016889490349    68.151365275007294     0.000726851178925
 -23.637983110509683   111.848634724992706     0.000726851178925
-156.362016889490349   111.848634724992706     0.000726851178925
  45.000000000000007    37.318587045004463     0.000742263753421
  45.000000000000007   142.681412954995523     0.000742263753421
 -45.000000000000007    37.318587045004463     0.000742263753421
 -45.000000000000007   142.681412954995523     0.000742263753421
 135.000000000000000    37.318587045004463     0.000742263753421
 135.000000000000000   142.681412954995523     0.000742263753421
-135.000000000000000    37.318587045004463     0.000742263753421
-135.000000000000000   142.681412954995523     0.000742263753421
  61.673840145258566    64.616120517984470     0.000742263753421
 -61.673840145258566    64.616120517984470     0.000742263753421
  61.673840145258566   115.383879482015530     0.000742263753421
 -61.673840145258566   115.383879482015530     0.000742263753421
 118.326159854741448    64.616120517984470     0.000742263753421
-118.326159854741448    64.616120517984470     0.000742263753421
 118.326159854741448   115.383879482015530     0.000742263753421
-118.326159854741448   115.383879482015530     0.000742263753421
  28.326159854741448    64.616120517984470     0.000742263753421
 151.673840145258538    64.616120517984470     0.000742263753421
  28.326159854741448   115.383879482015530     0.000742263753421
 151.673840145258538   115.383879482015530     0.000742263753421
 -28.326159854741448    64.616120517984470     0.000742263753421
-151.673840145258538    64.616120517984470     0.000742263753421
 -28.326159854741448   115.383879482015530     0.000742263753421
-151.673840145258538   115.383879482015530     0.000742263753421
  45.000000000000000    43.000592484318240     0.000750954503584
  45.000000000000000   136.999407515681781     0.000750954503584
 -45.000000000000000    43.000592484318240     0.000750954503584
 -45.000000000000000   136.999407515681781     0.000750954503584
 135.000000000000000    43.000592484318240     0.000750954503584
 135.000000000000000   136.999407515681781     0.000750954503584
-135.000000000000000    43.000592484318240     0.000750954503584
-135.000000000000000   136.999407515681781     0.000750954503584
  56.599085465533484    61.167477301063393     0.000750954503584
 -56.599085465533484    61.167477301063393     0.000750954503584
  56.599085465533484   118.832522698936629     0.000750954503584
 -56.599085465533484   118.832522698936629     0.000750954503584
 123.400914534466523    61.167477301063393     0.000750954503584
-123.400914534466523    61.167477301063393     0.000750954503584
 123.400914534466523   118.832522698936629     0.000750954503584
-123.400914534466523   118.832522698936629     0.000750954503584
  33.400914534466516    61.167477301063393     0.000750954503584
 146.599085465533477    61.167477301063393     0.000750954503584
  33.400914534466516   118.832522698936629     0.000750954503584
 146.599085465533477   118.832522698936629     0.000750954503584
 -33.400914534466516    61.167477301063393     0.000750954503584
-146.599085465533477    61.167477301063393     0.000750954503584
 -33.400914534466516   118.832522698936629     0.000750954503584
-146.599085465533477   118.832522698936629     0.000750954503584
  45.000000000000007    48.803721210182154     0.000754853505772
  45.000000000000007   131.196278789817853     0.000754853505772
 -45.000000000000007    48.803721210182154     0.000754853505772
 -45.000000000000007   131.196278789817853     0.000754853505772
 135.000000000000000    48.803721210182154     0.000754853505772
 135.000000000000000   131.196278789817853     0.000754853505772
-135.000000000000000    48.803721210182154     0.000754853505772
-135.000000000000000   131.196278789817853     0.000754853505772
  51.067771504347114    57.854716479097931     0.000754853505772
 -51.067771504347114    57.854716479097931     0.000754853505772
  51.067771504347114   122.145283520902069     0.000754853505772
 -51.067771504347114   122.145283520902069     0.000754853505772
 128.932228495652879    57.854716479097931     0.000754853505772
-128.932228495652879    57.854716479097931     0.000754853505772
 128.932228495652879   122.145283520902069     0.000754853505772
-128.932228495652879   122.145283520902069     0.000754853505772
  38.932228495652886    57.854716479097931     0.000754853505772
 141.067771504347121    57.854716479097931     0.000754853505772
  38.932228495652886   122.145283520902069     0.000754853505772
 141.067771504347121   122.145283520902069     0.000754853505772
 -38.932228495652886    57.854716479097931     0.000754853505772
-141.067771504347121    57.854716479097931     0.000754853505772
 -38.932228495652886   122.145283520902069     0.000754853505772
-141.067771504347121   122.145283520902069     0.000754853505772
  45.000000000000007    60.808421731885325     0.000755408896977
  45.000000000000007   119.191578268114668     0.000755408896977
 -45.000000000000007    60.808421731885325     0.000755408896977
 -45.000000000000007   119.191578268114668     0.000755408896977
 135.000000000000000    60.808421731885325     0.000755408896977
 135.000000000000000   119.191578268114668     0.000755408896977
-135.000000000000000    60.808421731885325     0.000755408896977
-135.000000000000000   119.191578268114668     0.000755408896977
  38.312420863946393    51.880780002074033     0.000755408896977
 -38.312420863946393    51.880780002074033     0.000755408896977
  38.312420863946393   128.119219997925995     0.000755408896977
 -38.312420863946393   128.119219997925995     0.000755408896977
 141.687579136053614    51.880780002074033     0.000755408896977
-141.687579136053614    51.880780002074033     0.000755408896977
 141.687579136053614   128.119219997925995     0.000755408896977
-141.687579136053614   128.119219997925995     0.000755408896977
  51.687579136053621    51.880780002074033     0.000755408896977
 128.312420863946386    51.880780002074033     0.000755408896977
  51.687579136053621   128.119219997925995     0.000755408896977
 128.312420863946386   128.119219997925995     0.000755408896977
 -51.687579136053621    51.880780002074033     0.000755408896977
-128.312420863946386    51.880780002074033     0.000755408896977
 -51.687579136053621   128.119219997925995     0.000755408896977
-128.312420863946386   128.119219997925995     0.000755408896977
  45.000000000000000    67.035852990905127     0.000755314717444
  45.000000000000000   112.964147009094873     0.000755314717444
 -45.000000000000000    67.035852990905127     0.000755314717444
 -45.000000000000000   112.964147009094873     0.000755314717444
 135.000000000000000    67.035852990905127     0.000755314717444
 135.000000000000000   112.964147009094873     0.000755314717444
-135.000000000000000    67.035852990905127     0.000755314717444
-135.000000000000000   112.964147009094873     0.000755314717444
  30.932314489299522    49.377828164503271     0.000755314717444
 -30.932314489299522    49.377828164503271     0.000755314717444
  30.932314489299522   130.622171835496744     0.000755314717444
 -30.932314489299522   130.622171835496744     0.000755314717444
 149.067685510700500    49.377828164503271     0.000755314717444
-149.067685510700500    49.377828164503271     0.000755314717444
 149.067685510700500   130.622171835496744     0.000755314717444
-149.067685510700500   130.622171835496744     0.000755314717444
  59.067685510700478    49.377828164503271     0.000755314717444
 120.932314489299529    49.377828164503271     0.000755314717444
  59.067685510700478   130.622171835496744     0.000755314717444
 120.932314489299529   130.622171835496744     0.000755314717444
 -59.067685510700478    49.377828164503271     0.000755314717444
-120.932314489299529    49.377828164503271     0.000755314717444
 -59.067685510700478   130.622171835496744     0.000755314717444
-120.932314489299529   130.622171835496744     0.000755314717444
  45.000000000000007    73.427003819625384     0.000756476765329
  45.000000000000007   106.572996180374616     0.000756476765329
 -45.000000000000007    73.427003819625384     0.000756476765329
 -45.000000000000007   106.572996180374616     0.000756476765329
 135.000000000000000    73.427003819625384     0.000756476765329
 135.000000000000000   106.572996180374616     0.000756476765329
-135.000000000000000    73.427003819625384     0.000756476765329
-135.000000000000000   106.572996180374616     0.000756476765329
  22.824751399138442    47.333370265933240     0.000756476765329
 -22.824751399138442    47.333370265933240     0.000756476765329
  22.824751399138442   132.666629734066788     0.000756476765329
 -22.824751399138442   132.666629734066788     0.000756476765329
 157.175248600861579    47.333370265933240     0.000756476765329
-157.175248600861579    47.333370265933240     0.000756476765329
 157.175248600861579   132.666629734066788     0.000756476765329
-157.175248600861579   132.666629734066788     0.000756476765329
  67.175248600861565    47.333370265933240     0.000756476765329
 112.824751399138435    47.333370265933240     0.000756476765329
  67.175248600861565   132.666629734066788     0.000756476765329
 112.824751399138435   132.666629734066788     0.000756476765329
 -67.175248600861565    47.333370265933240     0.000756476765329
-112.824751399138435    47.333370265933240     0.000756476765329
 -67.175248600861565   132.666629734066788     0.000756476765329
-112.824751399138435   132.666629734066788     0.000756476765329
  45.000000000000000    79.975159806660628     0.000758799180852
  45.000000000000000   100.024840193339386     0.000758799180852
 -45.000000000000000    79.975159806660628     0.000758799180852
 -45.000000000000000   100.024840193339386     0.000758799180852
 135.000000000000000    79.975159806660628     0.000758799180852
 135.000000000000000   100.024840193339386     0.000758799180852
-135.000000000000000    79.975159806660628     0.000758799180852
-135.000000000000000   100.024840193339386     0.000758799180852
  14.036040774919535    45.868225463168784     0.000758799180852
 -14.036040774919535    45.868225463168784     0.000758799180852
  14.036040774919535   134.131774536831216     0.000758799180852
 -14.036040774919535   134.131774536831216     0.000758799180852
 165.963959225080458    45.868225463168784     0.000758799180852
-165.963959225080458    45.868225463168784     0.000758799180852
 165.963959225080458   134.131774536831216     0.000758799180852
-165.963959225080458   134.131774536831216     0.000758799180852
  75.963959225080444    45.868225463168784     0.000758799180852
 104.036040774919556    45.868225463168784     0.000758799180852
  75.963959225080444   134.131774536831216     0.000758799180852
 104.036040774919556   134.131774536831216     0.000758799180852
 -75.963959225080444    45.868225463168784     0.000758799180852
-104.036040774919556    45.868225463168784     0.000758799180852
 -75.963959225080444   134.131774536831216     0.000758799180852
-104.036040774919556   134.131774536831216     0.000758799180852
  45.000000000000007    86.643104648775576     0.000760826183203
  45.000000000000007    93.356895351224424     0.000760826183203
 -45.000000000000007    86.643104648775576     0.000760826183203
 -45.000000000000007    93.356895351224424     0.000760826183203
 135.000000000000000    86.643104648775576     0.000760826183203
 135.000000000000000    93.356895351224424     0.000760826183203
-135.000000000000000    86.643104648775576     0.000760826183203
-135.000000000000000    93.356895351224424     0.000760826183203
   4.741949776838250    45.098226086960004     0.000760826183203
  -4.741949776838250    45.098226086960004     0.000760826183203
   4.741949776838250   134.901773913039989     0.000760826183203
  -4.741949776838250   134.901773913039989     0.000760826183203
 175.258050223161746    45.098226086960004     0.000760826183203
-175.258050223161746    45.098226086960004     0.000760826183203
 175.258050223161746   134.901773913039989     0.000760826183203
-175.258050223161746   134.901773913039989     0.000760826183203
  85.258050223161732    45.098226086960004     0.000760826183203
  94.741949776838268    45.098226086960004     0.000760826183203
  85.258050223161732   134.901773913039989     0.000760826183203
  94.741949776838268   134.901773913039989     0.000760826183203
 -85.258050223161732    45.098226086960004     0.000760826183203
 -94.741949776838268    45.098226086960004     0.000760826183203
 -85.258050223161732   134.901773913039989     0.000760826183203
 -94.741949776838268   134.901773913039989     0.000760826183203
   5.404470115275561    90.000000000000000     0.000402168044787
  -5.404470115275561    90.000000000000000     0.000402168044787
 174.595529884724442    90.000000000000000     0.000402168044787
-174.595529884724442    90.000000000000000     0.000402168044787
  84.595529884724442    90.000000000000000     0.000402168044787
 -84.595529884724442    90.000000000000000     0.000402168044787
  95.404470115275558    90.000000000000000     0.000402168044787
 -95.404470115275558    90.000000000000000     0.000402168044787
   0.000000000000000    84.595529884724442     0.000402168044787
   0.000000000000000    95.404470115275558     0.000402168044787
 180.000000000000000    84.595529884724442     0.000402168044787
 180.000000000000000    95.404470115275558     0.000402168044787
   0.000000000000000     5.404470115275561     0.000402168044787
   0.000000000000000   174.595529884724442     0.000402168044787
 180.000000000000000     5.404470115275561     0.000402168044787
 180.000000000000000   174.595529884724442     0.000402168044787
  90.000000000000000    84.595529884724442     0.000402168044787
  90.000000000000000    95.404470115275558     0.000402168044787
 -90.000000000000000    84.595529884724442     0.000402168044787
 -90.000000000000000    95.404470115275558     0.000402168044787
  90.000000000000000     5.404470115275561     0.000402168044787
  90.000000000000000   174.595529884724442     0.000402168044787
 -90.000000000000000     5.404470115275561     0.000402168044787
 -90.000000000000000   174.595529884724442     0.000402168044787
  13.241915256967392    90.000000000000000     0.000580487179395
 -13.241915256967392    90.000000000000000     0.000580487179395
 166.758084743032612    90.000000000000000     0.000580487179395
-166.758084743032612    90.000000000000000     0.000580487179395
  76.758084743032612    90.000000000000000     0.000580487179395
 -76.758084743032612    90.000000000000000     0.000580487179395
 103.241915256967403    90.000000000000000     0.000580487179395
-103.241915256967403    90.000000000000000     0.000580487179395
   0.000000000000000    76.758084743032612     0.000580487179395
   0.000000000000000   103.241915256967403     0.000580487179395
 180.000000000000000    76.758084743032612     0.000580487179395
 180.000000000000000   103.241915256967403     0.000580487179395
   0.000000000000000    13.241915256967392     0.000580487179395
   0.000000000000000   166.758084743032612     0.000580487179395
 180.000000000000000    13.241915256967392     0.000580487179395
 180.000000000000000   166.758084743032612     0.000580487179395
  90.000000000000000    76.758084743032612     0.000580487179395
  90.000000000000000   103.241915256967403     0.000580487179395
 -90.000000000000000    76.758084743032612     0.000580487179395
 -90.000000000000000   103.241915256967403     0.000580487179395
  90.000000000000000    13.241915256967392     0.000580487179395
  90.000000000000000   166.758084743032612     0.000580487179395
 -90.000000000000000    13.241915256967392     0.000580487179395
 -90.000000000000000   166.758084743032612     0.000580487179395
  21.940959927313351    90.000000000000000     0.000679215195595
 -21.940959927313351    90.000000000000000     0.000679215195595
 158.059040072686656    90.000000000000000     0.000679215195595
-158.059040072686656    90.000000000000000     0.000679215195595
  68.059040072686656    90.000000000000000     0.000679215195595
 -68.059040072686656    90.000000000000000     0.000679215195595
 111.940959927313358    90.000000000000000     0.000679215195595
-111.940959927313358    90.000000000000000     0.000679215195595
   0.000000000000000    68.059040072686656     0.000679215195595
   0.000000000000000   111.940959927313358     0.000679215195595
 180.000000000000000    68.059040072686656     0.000679215195595
 180.000000000000000   111.940959927313358     0.000679215195595
   0.000000000000000    21.940959927313351     0.000679215195595
   0.000000000000000   158.059040072686656     0.000679215195595
 180.000000000000000    21.940959927313351     0.000679215195595
 180.000000000000000   158.059040072686656     0.000679215195595
  90.000000000000000    68.059040072686656     0.000679215195595
  90.000000000000000   111.940959927313358     0.000679215195595
 -90.000000000000000    68.059040072686656     0.000679215195595
 -90.000000000000000   111.940959927313358     0.000679215195595
  90.000000000000000    21.940959927313351     0.000679215195595
  90.000000000000000   158.059040072686656     0.000679215195595
 -90.000000000000000    21.940959927313351     0.000679215195595
 -90.000000000000000   158.059040072686656     0.000679215195595
  31.040587264004113    90.000000000000000     0.000733674121129
 -31.040587264004113    90.000000000000000     0.000733674121129
 148.959412735995897    90.000000000000000     0.000733674121129
-148.959412735995897    90.000000000000000     0.000733674121129
  58.959412735995890    90.000000000000000     0.000733674121129
 -58.959412735995890    90.000000000000000     0.000733674121129
 121.040587264004117    90.000000000000000     0.000733674121129
-121.040587264004117    90.000000000000000     0.000733674121129
   0.000000000000000    58.959412735995890     0.000733674121129
   0.000000000000000   121.040587264004117     0.000733674121129
 180.000000000000000    58.959412735995890     0.000733674121129
 180.000000000000000   121.040587264004117     0.000733674121129
   0.000000000000000    31.040587264004113     0.000733674121129
   0.000000000000000   148.959412735995897     0.000733674121129
 180.000000000000000    31.040587264004113     0.000733674121129
 180.000000000000000   148.959412735995897     0.000733674121129
  90.000000000000000    58.959412735995890     0.000733674121129
  90.000000000000000   121.040587264004117     0.000733674121129
 -90.000000000000000    58.959412735995890     0.000733674121129
 -90.000000000000000   121.040587264004117     0.000733674121129
  90.000000000000000    31.040587264004113     0.000733674121129
  90.000000000000000   148.959412735995897     0.000733674121129
 -90.000000000000000    31.040587264004113     0.000733674121129
 -90.000000000000000   148.959412735995897     0.000733674121129
  40.328230377979338    90.000000000000000     0.000758186630099
 -40.328230377979338    90.000000000000000     0.000758186630099
 139.671769622020690    90.000000000000000     0.000758186630099
-139.671769622020690    90.000000000000000     0.000758186630099
  49.671769622020662    90.000000000000000     0.000758186630099
 -49.671769622020662    90.000000000000000     0.000758186630099
 130.328230377979338    90.000000000000000     0.000758186630099
-130.328230377979338    90.000000000000000     0.000758186630099
   0.000000000000000    49.671769622020662     0.000758186630099
   0.000000000000000   130.328230377979338     0.000758186630099
 180.000000000000000    49.671769622020662     0.000758186630099
 180.000000000000000   130.328230377979338     0.000758186630099
   0.000000000000000    40.328230377979338     0.000758186630099
   0.000000000000000   139.671769622020690     0.000758186630099
 180.000000000000000    40.328230377979338     0.000758186630099
 180.000000000000000   139.671769622020690     0.000758186630099
  90.000000000000000    49.671769622020662     0.000758186630099
  90.000000000000000   130.328230377979338     0.000758186630099
 -90.000000000000000    49.671769622020662     0.000758186630099
 -90.000000000000000   130.328230377979338     0.000758186630099
  90.000000000000000    40.328230377979338     0.000758186630099
  90.000000000000000   139.671769622020690     0.000758186630099
 -90.000000000000000    40.328230377979338     0.000758186630099
 -90.000000000000000   139.671769622020690     0.000758186630099
  37.547305541623807    46.044064400563563     0.000753825785980
  37.547305541623807   133.955935599436430     0.000753825785980
 -37.547305541623807    46.044064400563563     0.000753825785980
 -37.547305541623807   133.955935599436430     0.000753825785980
 142.452694458376214    46.044064400563563     0.000753825785980
 142.452694458376214   133.955935599436430     0.000753825785980
-142.452694458376214    46.044064400563563     0.000753825785980
-142.452694458376214   133.955935599436430     0.000753825785980
  50.570041584558304    63.978855813961601     0.000753825785980
  50.570041584558304   116.021144186038413     0.000753825785980
 -50.570041584558304    63.978855813961601     0.000753825785980
 -50.570041584558304   116.021144186038413     0.000753825785980
 129.429958415441689    63.978855813961601     0.000753825785980
 129.429958415441689   116.021144186038413     0.000753825785980
-129.429958415441689    63.978855813961601     0.000753825785980
-129.429958415441689   116.021144186038413     0.000753825785980
  52.452694458376200    46.044064400563563     0.000753825785980
  52.452694458376200   133.955935599436430     0.000753825785980
 -52.452694458376200    46.044064400563563     0.000753825785980
 -52.452694458376200   133.955935599436430     0.000753825785980
 127.547305541623814    46.044064400563563     0.000753825785980
 127.547305541623814   133.955935599436430     0.000753825785980
-127.547305541623814    46.044064400563563     0.000753825785980
-127.547305541623814   133.955935599436430     0.000753825785980
  57.705433621967757    55.197298039698715     0.000753825785980
  57.705433621967757   124.802701960301306     0.000753825785980
 -57.705433621967757    55.197298039698715     0.000753825785980
 -57.705433621967757   124.802701960301306     0.000753825785980
 122.294566378032272    55.197298039698715     0.000753825785980
 122.294566378032272   124.802701960301306     0.000753825785980
-122.294566378032272    55.197298039698715     0.000753825785980
-122.294566378032272   124.802701960301306     0.000753825785980
  39.429958415441689    63.978855813961601     0.000753825785980
  39.429958415441689   116.021144186038413     0.000753825785980
 -39.429958415441689    63.978855813961601     0.000753825785980
 -39.429958415441689   116.021144186038413     0.000753825785980
 140.570041584558311    63.978855813961601     0.000753825785980
 140.570041584558311   116.021144186038413     0.000753825785980
-140.570041584558311    63.978855813961601     0.000753825785980
-140.570041584558311   116.021144186038413     0.000753825785980
  32.294566378032258    55.197298039698715     0.000753825785980
  32.294566378032258   124.802701960301306     0.000753825785980
 -32.294566378032258    55.197298039698715     0.000753825785980
 -32.294566378032258   124.802701960301306     0.000753825785980
 147.705433621967757    55.197298039698715     0.000753825785980
 147.705433621967757   124.802701960301306     0.000753825785980
-147.705433621967757    55.197298039698715     0.000753825785980
-147.705433621967757   124.802701960301306     0.000753825785980
  36.597684091836797    40.335250643803292     0.000748351724705
  36.597684091836797   139.664749356196722     0.000748351724705
 -36.597684091836797    40.335250643803292     0.000748351724705
 -36.597684091836797   139.664749356196722     0.000748351724705
 143.402315908163217    40.335250643803292     0.000748351724705
 143.402315908163217   139.664749356196722     0.000748351724705
-143.402315908163217    40.335250643803292     0.000748351724705
-143.402315908163217   139.664749356196722     0.000748351724705
  55.717401583824589    67.300944070978943     0.000748351724705
  55.717401583824589   112.699055929021071     0.000748351724705
 -55.717401583824589    67.300944070978943     0.000748351724705
 -55.717401583824589   112.699055929021071     0.000748351724705
 124.282598416175432    67.300944070978943     0.000748351724705
 124.282598416175432   112.699055929021071     0.000748351724705
-124.282598416175432    67.300944070978943     0.000748351724705
-124.282598416175432   112.699055929021071     0.000748351724705
  53.402315908163196    40.335250643803292     0.000748351724705
  53.402315908163196   139.664749356196722     0.000748351724705
 -53.402315908163196    40.335250643803292     0.000748351724705
 -53.402315908163196   139.664749356196722     0.000748351724705
 126.597684091836797    40.335250643803292     0.000748351724705
 126.597684091836797   139.664749356196722     0.000748351724705
-126.597684091836797    40.335250643803292     0.000748351724705
-126.597684091836797   139.664749356196722     0.000748351724705
  63.149693767349767    58.691468403554929     0.000748351724705
  63.149693767349767   121.308531596445079     0.000748351724705
 -63.149693767349767    58.691468403554929     0.000748351724705
 -63.149693767349767   121.308531596445079     0.000748351724705
 116.850306232650240    58.691468403554929     0.000748351724705
 116.850306232650240   121.308531596445079     0.000748351724705
-116.850306232650240    58.691468403554929     0.000748351724705
-116.850306232650240   121.308531596445079     0.000748351724705
  34.282598416175418    67.300944070978943     0.000748351724705
  34.282598416175418   112.699055929021071     0.000748351724705
 -34.282598416175418    67.300944070978943     0.000748351724705
 -34.282598416175418   112.699055929021071     0.000748351724705
 145.717401583824568    67.300944070978943     0.000748351724705
 145.717401583824568   112.699055929021071     0.000748351724705
-145.717401583824568    67.300944070978943     0.000748351724705
-145.717401583824568   112.699055929021071     0.000748351724705
  26.850306232650240    58.691468403554929     0.000748351724705
  26.850306232650240   121.308531596445079     0.000748351724705
 -26.850306232650240    58.691468403554929     0.000748351724705
 -26.850306232650240   121.308531596445079     0.000748351724705
 153.149693767349760    58.691468403554929     0.000748351724705
 153.149693767349760   121.308531596445079     0.000748351724705
-153.149693767349760    58.691468403554929     0.000748351724705
-153.149693767349760   121.308531596445079     0.000748351724705
  35.399648992364632    34.750986002025634     0.000737176366111
  35.399648992364632   145.249013997974373     0.000737176366111
 -35.399648992364632    34.750986002025634     0.000737176366111
 -35.399648992364632   145.249013997974373     0.000737176366111
 144.600351007635368    34.750986002025634     0.000737176366111
 144.600351007635368   145.249013997974373     0.000737176366111
-144.600351007635368    34.750986002025634     0.000737176366111
-144.600351007635368   145.249013997974373     0.000737176366111
  60.511948634650523    70.719465029273010     0.000737176366111
  60.511948634650523   109.280534970726990     0.000737176366111
 -60.511948634650523    70.719465029273010     0.000737176366111
 -60.511948634650523   109.280534970726990     0.000737176366111
 119.488051365349477    70.719465029273010     0.000737176366111
 119.488051365349477   109.280534970726990     0.000737176366111
-119.488051365349477    70.719465029273010     0.000737176366111
-119.488051365349477   109.280534970726990     0.000737176366111
  54.600351007635382    34.750986002025634     0.000737176366111
  54.600351007635382   145.249013997974373     0.000737176366111
 -54.600351007635382    34.750986002025634     0.000737176366111
 -54.600351007635382   145.249013997974373     0.000737176366111
 125.399648992364632    34.750986002025634     0.000737176366111
 125.399648992364632   145.249013997974373     0.000737176366111
-125.399648992364632    34.750986002025634     0.000737176366111
-125.399648992364632   145.249013997974373     0.000737176366111
  68.106139817314016    62.313478242789657     0.000737176366111
  68.106139817314016   117.686521757210343     0.000737176366111
 -68.106139817314016    62.313478242789657     0.000737176366111
 -68.106139817314016   117.686521757210343     0.000737176366111
 111.893860182685998    62.313478242789657     0.000737176366111
 111.893860182685998   117.686521757210343     0.000737176366111
-111.893860182685998    62.313478242789657     0.000737176366111
-111.893860182685998   117.686521757210343     0.000737176366111
  29.488051365349492    70.719465029273010     0.000737176366111
  29.488051365349492   109.280534970726990     0.000737176366111
 -29.488051365349492    70.719465029273010     0.000737176366111
 -29.488051365349492   109.280534970726990     0.000737176366111
 150.511948634650508    70.719465029273010     0.000737176366111
 150.511948634650508   109.280534970726990     0.000737176366111
-150.511948634650508    70.719465029273010     0.000737176366111
-150.511948634650508   109.280534970726990     0.000737176366111
  21.893860182685977    62.313478242789657     0.000737176366111
  21.893860182685977   117.686521757210343     0.000737176366111
 -21.893860182685977    62.313478242789657     0.000737176366111
 -21.893860182685977   117.686521757210343     0.000737176366111
 158.106139817314016    62.313478242789657     0.000737176366111
 158.106139817314016   117.686521757210343     0.000737176366111
-158.106139817314016    62.313478242789657     0.000737176366111
-158.106139817314016   117.686521757210343     0.000737176366111
  33.847469140900415    29.295779074107926     0.000718344889576
  33.847469140900415   150.704220925892059     0.000718344889576
 -33.847469140900415    29.295779074107926     0.000718344889576
 -33.847469140900415   150.704220925892059     0.000718344889576
 146.152530859099585    29.295779074107926     0.000718344889576
 146.152530859099585   150.704220925892059     0.000718344889576
-146.152530859099585    29.295779074107926     0.000718344889576
-146.152530859099585   150.704220925892059     0.000718344889576
  65.015069753147031    74.184391900800250     0.000718344889576
  65.015069753147031   105.815608099199750     0.000718344889576
 -65.015069753147031    74.184391900800250     0.000718344889576
 -65.015069753147031   105.815608099199750     0.000718344889576
 114.984930246852983    74.184391900800250     0.000718344889576
 114.984930246852983   105.815608099199750     0.000718344889576
-114.984930246852983    74.184391900800250     0.000718344889576
-114.984930246852983   105.815608099199750     0.000718344889576
  56.152530859099599    29.295779074107926     0.000718344889576
  56.152530859099599   150.704220925892059     0.000718344889576
 -56.152530859099599    29.295779074107926     0.000718344889576
 -56.152530859099599   150.704220925892059     0.000718344889576
 123.847469140900401    29.295779074107926     0.000718344889576
 123.847469140900401   150.704220925892059     0.000718344889576
-123.847469140900401    29.295779074107926     0.000718344889576
-123.847469140900401   150.704220925892059     0.000718344889576
  72.645410105688583    66.021728293322568     0.000718344889576
  72.645410105688583   113.978271706677432     0.000718344889576
 -72.645410105688583    66.021728293322568     0.000718344889576
 -72.645410105688583   113.978271706677432     0.000718344889576
 107.354589894311417    66.021728293322568     0.000718344889576
 107.354589894311417   113.978271706677432     0.000718344889576
-107.354589894311417    66.021728293322568     0.000718344889576
-107.354589894311417   113.978271706677432     0.000718344889576
  24.984930246852983    74.184391900800250     0.000718344889576
  24.984930246852983   105.815608099199750     0.000718344889576
 -24.984930246852983    74.184391900800250     0.000718344889576
 -24.984930246852983   105.815608099199750     0.000718344889576
 155.015069753147031    74.184391900800250     0.000718344889576
 155.015069753147031   105.815608099199750     0.000718344889576
-155.015069753147031    74.184391900800250     0.000718344889576
-155.015069753147031   105.815608099199750     0.000718344889576
  17.354589894311417    66.021728293322568     0.000718344889576
  17.354589894311417   113.978271706677432     0.000718344889576
 -17.354589894311417    66.021728293322568     0.000718344889576
 -17.354589894311417   113.978271706677432     0.000718344889576
 162.645410105688597    66.021728293322568     0.000718344889576
 162.645410105688597   113.978271706677432     0.000718344889576
-162.645410105688597    66.021728293322568     0.000718344889576
-162.645410105688597   113.978271706677432     0.000718344889576
  31.758014495775519    23.984767555531899     0.000689581552982
  31.758014495775519   156.015232444468097     0.000689581552982
 -31.758014495775519    23.984767555531899     0.000689581552982
 -31.758014495775519   156.015232444468097     0.000689581552982
 148.241985504224488    23.984767555531899     0.000689581552982
 148.241985504224488   156.015232444468097     0.000689581552982
-148.241985504224488    23.984767555531899     0.000689581552982
-148.241985504224488   156.015232444468097     0.000689581552982
  69.278489964652039    77.646006541976334     0.000689581552982
  69.278489964652039   102.353993458023666     0.000689581552982
 -69.278489964652039    77.646006541976334     0.000689581552982
 -69.278489964652039   102.353993458023666     0.000689581552982
 110.721510035347976    77.646006541976334     0.000689581552982
 110.721510035347976   102.353993458023666     0.000689581552982
-110.721510035347976    77.646006541976334     0.000689581552982
-110.721510035347976   102.353993458023666     0.000689581552982
  58.241985504224481    23.984767555531899     0.000689581552982
  58.241985504224481   156.015232444468097     0.000689581552982
 -58.241985504224481    23.984767555531899     0.000689581552982
 -58.241985504224481   156.015232444468097     0.000689581552982
 121.758014495775512    23.984767555531899     0.000689581552982
 121.758014495775512   156.015232444468097     0.000689581552982
-121.758014495775512    23.984767555531899     0.000689581552982
-121.758014495775512   156.015232444468097     0.000689581552982
  76.820478050025031    69.779562035010272     0.000689581552982
  76.820478050025031   110.220437964989728     0.000689581552982
 -76.820478050025031    69.779562035010272     0.000689581552982
 -76.820478050025031   110.220437964989728     0.000689581552982
 103.179521949974969    69.779562035010272     0.000689581552982
 103.179521949974969   110.220437964989728     0.000689581552982
-103.179521949974969    69.779562035010272     0.000689581552982
-103.179521949974969   110.220437964989728     0.000689581552982
  20.721510035347972    77.646006541976334     0.000689581552982
  20.721510035347972   102.353993458023666     0.000689581552982
 -20.721510035347972    77.646006541976334     0.000689581552982
 -20.721510035347972   102.353993458023666     0.000689581552982
 159.278489964652039    77.646006541976334     0.000689581552982
 159.278489964652039   102.353993458023666     0.000689581552982
-159.278489964652039    77.646006541976334     0.000689581552982
-159.278489964652039   102.353993458023666     0.000689581552982
  13.179521949974978    69.779562035010272     0.000689581552982
  13.179521949974978   110.220437964989728     0.000689581552982
 -13.179521949974978    69.779562035010272     0.000689581552982
 -13.179521949974978   110.220437964989728     0.000689581552982
 166.820478050025031    69.779562035010272     0.000689581552982
 166.820478050025031   110.220437964989728     0.000689581552982
-166.820478050025031    69.779562035010272     0.000689581552982
-166.820478050025031   110.220437964989728     0.000689581552982
  28.789893275364602    18.848940507733474     0.000648010580179
  28.789893275364602   161.151059492266512     0.000648010580179
 -28.789893275364602    18.848940507733474     0.000648010580179
 -28.789893275364602   161.151059492266512     0.000648010580179
 151.210106724635409    18.848940507733474     0.000648010580179
 151.210106724635409   161.151059492266512     0.000648010580179
-151.210106724635409    18.848940507733474     0.000648010580179
-151.210106724635409   161.151059492266512     0.000648010580179
  73.343677287584185    81.048854686893492     0.000648010580179
  73.343677287584185    98.951145313106522     0.000648010580179
 -73.343677287584185    81.048854686893492     0.000648010580179
 -73.343677287584185    98.951145313106522     0.000648010580179
 106.656322712415829    81.048854686893492     0.000648010580179
 106.656322712415829    98.951145313106522     0.000648010580179
-106.656322712415829    81.048854686893492     0.000648010580179
-106.656322712415829    98.951145313106522     0.000648010580179
  61.210106724635402    18.848940507733474     0.000648010580179
  61.210106724635402   161.151059492266512     0.000648010580179
 -61.210106724635402    18.848940507733474     0.000648010580179
 -61.210106724635402   161.151059492266512     0.000648010580179
 118.789893275364619    18.848940507733474     0.000648010580179
 118.789893275364619   161.151059492266512     0.000648010580179
-118.789893275364619    18.848940507733474     0.000648010580179
-118.789893275364619   161.151059492266512     0.000648010580179
  80.663589070413963    73.552329681493262     0.000648010580179
  80.663589070413963   106.447670318506752     0.000648010580179
 -80.663589070413963    73.552329681493262     0.000648010580179
 -80.663589070413963   106.447670318506752     0.000648010580179
  99.336410929586052    73.552329681493262     0.000648010580179
  99.336410929586052   106.447670318506752     0.000648010580179
 -99.336410929586052    73.552329681493262     0.000648010580179
 -99.336410929586052   106.447670318506752     0.000648010580179
  16.656322712415836    81.048854686893492     0.000648010580179
  16.656322712415836    98.951145313106522     0.000648010580179
 -16.656322712415836    81.048854686893492     0.000648010580179
 -16.656322712415836    98.951145313106522     0.000648010580179
 163.343677287584171    81.048854686893492     0.000648010580179
 163.343677287584171    98.951145313106522     0.000648010580179
-163.343677287584171    81.048854686893492     0.000648010580179
-163.343677287584171    98.951145313106522     0.000648010580179
   9.336410929586025    73.552329681493262     0.000648010580179
   9.336410929586025   106.447670318506752     0.000648010580179
  -9.336410929586025    73.552329681493262     0.000648010580179
  -9.336410929586025   106.447670318506752     0.000648010580179
 170.663589070413991    73.552329681493262     0.000648010580179
 170.663589070413991   106.447670318506752     0.000648010580179
-170.663589070413991    73.552329681493262     0.000648010580179
-170.663589070413991   106.447670318506752     0.000648010580179
  24.234920947434151    13.946054697164627     0.000589755889659
  24.234920947434151   166.053945302835359     0.000589755889659
 -24.234920947434151    13.946054697164627     0.000589755889659
 -24.234920947434151   166.053945302835359     0.000589755889659
 155.765079052565852    13.946054697164627     0.000589755889659
 155.765079052565852   166.053945302835359     0.000589755889659
-155.765079052565852    13.946054697164627     0.000589755889659
-155.765079052565852   166.053945302835359     0.000589755889659
  77.240944329587222    84.322511221425785     0.000589755889659
  77.240944329587222    95.677488778574215     0.000589755889659
 -77.240944329587222    84.322511221425785     0.000589755889659
 -77.240944329587222    95.677488778574215     0.000589755889659
 102.759055670412778    84.322511221425785     0.000589755889659
 102.759055670412778    95.677488778574215     0.000589755889659
-102.759055670412778    84.322511221425785     0.000589755889659
-102.759055670412778    95.677488778574215     0.000589755889659
  65.765079052565852    13.946054697164627     0.000589755889659
  65.765079052565852   166.053945302835359     0.000589755889659
 -65.765079052565852    13.946054697164627     0.000589755889659
 -65.765079052565852   166.053945302835359     0.000589755889659
 114.234920947434162    13.946054697164627     0.000589755889659
 114.234920947434162   166.053945302835359     0.000589755889659
-114.234920947434162    13.946054697164627     0.000589755889659
-114.234920947434162   166.053945302835359     0.000589755889659
  84.179744829592963    77.304581230481290     0.000589755889659
  84.179744829592963   102.695418769518724     0.000589755889659
 -84.179744829592963    77.304581230481290     0.000589755889659
 -84.179744829592963   102.695418769518724     0.000589755889659
  95.820255170407037    77.304581230481290     0.000589755889659
  95.820255170407037   102.695418769518724     0.000589755889659
 -95.820255170407037    77.304581230481290     0.000589755889659
 -95.820255170407037   102.695418769518724     0.000589755889659
  12.759055670412764    84.322511221425785     0.000589755889659
  12.759055670412764    95.677488778574215     0.000589755889659
 -12.759055670412764    84.322511221425785     0.000589755889659
 -12.759055670412764    95.677488778574215     0.000589755889659
 167.240944329587251    84.322511221425785     0.000589755889659
 167.240944329587251    95.677488778574215     0.000589755889659
-167.240944329587251    84.322511221425785     0.000589755889659
-167.240944329587251    95.677488778574215     0.000589755889659
   5.820255170407048    77.304581230481290     0.000589755889659
   5.820255170407048   102.695418769518724     0.000589755889659
  -5.820255170407048    77.304581230481290     0.000589755889659
  -5.820255170407048   102.695418769518724     0.000589755889659
 174.179744829592977    77.304581230481290     0.000589755889659
 174.179744829592977   102.695418769518724     0.000589755889659
-174.179744829592977    77.304581230481290     0.000589755889659
-174.179744829592977   102.695418769518724     0.000589755889659
  16.378065884272701     9.386143926532359     0.000509570884925
  16.378065884272701   170.613856073467645     0.000509570884925
 -16.378065884272701     9.386143926532359     0.000509570884925
 -16.378065884272701   170.613856073467645     0.000509570884925
 163.621934115727299     9.386143926532359     0.000509570884925
 163.621934115727299   170.613856073467645     0.000509570884925
-163.621934115727299     9.386143926532359     0.000509570884925
-163.621934115727299   170.613856073467645     0.000509570884925
  80.988348224883524    87.364242144513369     0.000509570884925
  80.988348224883524    92.635757855486631     0.000509570884925
 -80.988348224883524    87.364242144513369     0.000509570884925
 -80.988348224883524    92.635757855486631     0.000509570884925
  99.011651775116476    87.364242144513369     0.000509570884925
  99.011651775116476    92.635757855486631     0.000509570884925
 -99.011651775116476    87.364242144513369     0.000509570884925
 -99.011651775116476    92.635757855486631     0.000509570884925
  73.621934115727328     9.386143926532359     0.000509570884925
  73.621934115727328   170.613856073467645     0.000509570884925
 -73.621934115727328     9.386143926532359     0.000509570884925
 -73.621934115727328   170.613856073467645     0.000509570884925
 106.378065884272687     9.386143926532359     0.000509570884925
 106.378065884272687   170.613856073467645     0.000509570884925
-106.378065884272687     9.386143926532359     0.000509570884925
-106.378065884272687   170.613856073467645     0.000509570884925
  87.331348406595509    80.997961243719331     0.000509570884925
  87.331348406595509    99.002038756280669     0.000509570884925
 -87.331348406595509    80.997961243719331     0.000509570884925
 -87.331348406595509    99.002038756280669     0.000509570884925
  92.668651593404505    80.997961243719331     0.000509570884925
  92.668651593404505    99.002038756280669     0.000509570884925
 -92.668651593404505    80.997961243719331     0.000509570884925
 -92.668651593404505    99.002038756280669     0.000509570884925
   9.011651775116473    87.364242144513369     0.000509570884925
   9.011651775116473    92.635757855486631     0.000509570884925
  -9.011651775116473    87.364242144513369     0.000509570884925
  -9.011651775116473    92.635757855486631     0.000509570884925
 170.988348224883538    87.364242144513369     0.000509570884925
 170.988348224883538    92.635757855486631     0.000509570884925
-170.988348224883538    87.364242144513369     0.000509570884925
-170.988348224883538    92.635757855486631     0.000509570884925
   2.668651593404488    80.997961243719331     0.000509570884925
   2.668651593404488    99.002038756280669     0.000509570884925
  -2.668651593404488    80.997961243719331     0.000509570884925
  -2.668651593404488    99.002038756280669     0.000509570884925
 177.331348406595509    80.997961243719331     0.000509570884925
 177.331348406595509    99.002038756280669     0.000509570884925
-177.331348406595509    80.997961243719331     0.000509570884925
-177.331348406595509    99.002038756280669     0.000509570884925
  29.258272100095425    43.699297526902875     0.000753690642891
  29.258272100095425   136.300702473097118     0.000753690642891
 -29.258272100095425    43.699297526902875     0.000753690642891
 -29.258272100095425   136.300702473097118     0.000753690642891
 150.741727899904589    43.699297526902875     0.000753690642891
 150.741727899904589   136.300702473097118     0.000753690642891
-150.741727899904589    43.699297526902875     0.000753690642891
-150.741727899904589   136.300702473097118     0.000753690642891
  50.182458360549774    70.265474373916916     0.000753690642891
  50.182458360549774   109.734525626083084     0.000753690642891
 -50.182458360549774    70.265474373916916     0.000753690642891
 -50.182458360549774   109.734525626083084     0.000753690642891
 129.817541639450241    70.265474373916916     0.000753690642891
 129.817541639450241   109.734525626083084     0.000753690642891
-129.817541639450241    70.265474373916916     0.000753690642891
-129.817541639450241   109.734525626083084     0.000753690642891
  60.741727899904589    43.699297526902875     0.000753690642891
  60.741727899904589   136.300702473097118     0.000753690642891
 -60.741727899904589    43.699297526902875     0.000753690642891
 -60.741727899904589   136.300702473097118     0.000753690642891
 119.258272100095411    43.699297526902875     0.000753690642891
 119.258272100095411   136.300702473097118     0.000753690642891
-119.258272100095411    43.699297526902875     0.000753690642891
-119.258272100095411   136.300702473097118     0.000753690642891
  64.965284832830207    52.933922333647494     0.000753690642891
  64.965284832830207   127.066077666352513     0.000753690642891
 -64.965284832830207    52.933922333647494     0.000753690642891
 -64.965284832830207   127.066077666352513     0.000753690642891
 115.034715167169793    52.933922333647494     0.000753690642891
 115.034715167169793   127.066077666352513     0.000753690642891
-115.034715167169793    52.933922333647494     0.000753690642891
-115.034715167169793   127.066077666352513     0.000753690642891
  39.817541639450226    70.265474373916916     0.000753690642891
  39.817541639450226   109.734525626083084     0.000753690642891
 -39.817541639450226    70.265474373916916     0.000753690642891
 -39.817541639450226   109.734525626083084     0.000753690642891
 140.182458360549759    70.265474373916916     0.000753690642891
 140.182458360549759   109.734525626083084     0.000753690642891
-140.182458360549759    70.265474373916916     0.000753690642891
-140.182458360549759   109.734525626083084     0.000753690642891
  25.034715167169800    52.933922333647494     0.000753690642891
  25.034715167169800   127.066077666352513     0.000753690642891
 -25.034715167169800    52.933922333647494     0.000753690642891
 -25.034715167169800   127.066077666352513     0.000753690642891
 154.965284832830207    52.933922333647494     0.000753690642891
 154.965284832830207   127.066077666352513     0.000753690642891
-154.965284832830207    52.933922333647494     0.000753690642891
-154.965284832830207   127.066077666352513     0.000753690642891
  27.181230230173835    38.158057439413717     0.000747250596558
  27.181230230173835   141.841942560586261     0.000747250596558
 -27.181230230173835    38.158057439413717     0.000747250596558
 -27.181230230173835   141.841942560586261     0.000747250596558
 152.818769769826162    38.158057439413717     0.000747250596558
 152.818769769826162   141.841942560586261     0.000747250596558
-152.818769769826162    38.158057439413717     0.000747250596558
-152.818769769826162   141.841942560586261     0.000747250596558
  55.047774270420781    73.606648911373952     0.000747250596558
  55.047774270420781   106.393351088626062     0.000747250596558
 -55.047774270420781    73.606648911373952     0.000747250596558
 -55.047774270420781   106.393351088626062     0.000747250596558
 124.952225729579226    73.606648911373952     0.000747250596558
 124.952225729579226   106.393351088626062     0.000747250596558
-124.952225729579226    73.606648911373952     0.000747250596558
-124.952225729579226   106.393351088626062     0.000747250596558
  62.818769769826154    38.158057439413717     0.000747250596558
  62.818769769826154   141.841942560586261     0.000747250596558
 -62.818769769826154    38.158057439413717     0.000747250596558
 -62.818769769826154   141.841942560586261     0.000747250596558
 117.181230230173853    38.158057439413717     0.000747250596558
 117.181230230173853   141.841942560586261     0.000747250596558
-117.181230230173853    38.158057439413717     0.000747250596558
-117.181230230173853   141.841942560586261     0.000747250596558
  70.255408080624036    56.660202713383200     0.000747250596558
  70.255408080624036   123.339797286616800     0.000747250596558
 -70.255408080624036    56.660202713383200     0.000747250596558
 -70.255408080624036   123.339797286616800     0.000747250596558
 109.744591919375978    56.660202713383200     0.000747250596558
 109.744591919375978   123.339797286616800     0.000747250596558
-109.744591919375978    56.660202713383200     0.000747250596558
-109.744591919375978   123.339797286616800     0.000747250596558
  34.952225729579212    73.606648911373952     0.000747250596558
  34.952225729579212   106.393351088626062     0.000747250596558
 -34.952225729579212    73.606648911373952     0.000747250596558
 -34.952225729579212   106.393351088626062     0.000747250596558
 145.047774270420803    73.606648911373952     0.000747250596558
 145.047774270420803   106.393351088626062     0.000747250596558
-145.047774270420803    73.606648911373952     0.000747250596558
-145.047774270420803   106.393351088626062     0.000747250596558
  19.744591919375967    56.660202713383200     0.000747250596558
  19.744591919375967   123.339797286616800     0.000747250596558
 -19.744591919375967    56.660202713383200     0.000747250596558
 -19.744591919375967   123.339797286616800     0.000747250596558
 160.255408080624051    56.660202713383200     0.000747250596558
 160.255408080624051   123.339797286616800     0.000747250596558
-160.255408080624051    56.660202713383200     0.000747250596558
-160.255408080624051   123.339797286616800     0.000747250596558
  24.554736906432392    32.758950964574815     0.000734301713228
  24.554736906432392   147.241049035425192     0.000734301713228
 -24.554736906432392    32.758950964574815     0.000734301713228
 -24.554736906432392   147.241049035425192     0.000734301713228
 155.445263093567604    32.758950964574815     0.000734301713228
 155.445263093567604   147.241049035425192     0.000734301713228
-155.445263093567604    32.758950964574815     0.000734301713228
-155.445263093567604   147.241049035425192     0.000734301713228
  59.661585609876219    77.005164021395970     0.000734301713228
  59.661585609876219   102.994835978604044     0.000734301713228
 -59.661585609876219    77.005164021395970     0.000734301713228
 -59.661585609876219   102.994835978604044     0.000734301713228
 120.338414390123788    77.005164021395970     0.000734301713228
 120.338414390123788   102.994835978604044     0.000734301713228
-120.338414390123788    77.005164021395970     0.000734301713228
-120.338414390123788   102.994835978604044     0.000734301713228
  65.445263093567590    32.758950964574815     0.000734301713228
  65.445263093567590   147.241049035425192     0.000734301713228
 -65.445263093567590    32.758950964574815     0.000734301713228
 -65.445263093567590   147.241049035425192     0.000734301713228
 114.554736906432424    32.758950964574815     0.000734301713228
 114.554736906432424   147.241049035425192     0.000734301713228
-114.554736906432424    32.758950964574815     0.000734301713228
-114.554736906432424   147.241049035425192     0.000734301713228
  75.029871033752599    60.516639518818373     0.000734301713228
  75.029871033752599   119.483360481181634     0.000734301713228
 -75.029871033752599    60.516639518818373     0.000734301713228
 -75.029871033752599   119.483360481181634     0.000734301713228
 104.970128966247401    60.516639518818373     0.000734301713228
 104.970128966247401   119.483360481181634     0.000734301713228
-104.970128966247401    60.516639518818373     0.000734301713228
-104.970128966247401   119.483360481181634     0.000734301713228
  30.338414390123774    77.005164021395970     0.000734301713228
  30.338414390123774   102.994835978604044     0.000734301713228
 -30.338414390123774    77.005164021395970     0.000734301713228
 -30.338414390123774   102.994835978604044     0.000734301713228
 149.661585609876226    77.005164021395970     0.000734301713228
 149.661585609876226   102.994835978604044     0.000734301713228
-149.661585609876226    77.005164021395970     0.000734301713228
-149.661585609876226   102.994835978604044     0.000734301713228
  14.970128966247396    60.516639518818373     0.000734301713228
  14.970128966247396   119.483360481181634     0.000734301713228
 -14.970128966247396    60.516639518818373     0.000734301713228
 -14.970128966247396   119.483360481181634     0.000734301713228
 165.029871033752613    60.516639518818373     0.000734301713228
 165.029871033752613   119.483360481181634     0.000734301713228
-165.029871033752613    60.516639518818373     0.000734301713228
-165.029871033752613   119.483360481181634     0.000734301713228
  21.138835861924523    27.518358763032531     0.000713087158218
  21.138835861924523   152.481641236967477     0.000713087158218
 -21.138835861924523    27.518358763032531     0.000713087158218
 -21.138835861924523   152.481641236967477     0.000713087158218
 158.861164138075480    27.518358763032531     0.000713087158218
 158.861164138075480   152.481641236967477     0.000713087158218
-158.861164138075480    27.518358763032531     0.000713087158218
-158.861164138075480   152.481641236967477     0.000713087158218
  64.084065234509325    80.408499830273229     0.000713087158218
  64.084065234509325    99.591500169726771     0.000713087158218
 -64.084065234509325    80.408499830273229     0.000713087158218
 -64.084065234509325    99.591500169726771     0.000713087158218
 115.915934765490675    80.408499830273229     0.000713087158218
 115.915934765490675    99.591500169726771     0.000713087158218
-115.915934765490675    80.408499830273229     0.000713087158218
-115.915934765490675    99.591500169726771     0.000713087158218
  68.861164138075495    27.518358763032531     0.000713087158218
  68.861164138075495   152.481641236967477     0.000713087158218
 -68.861164138075495    27.518358763032531     0.000713087158218
 -68.861164138075495   152.481641236967477     0.000713087158218
 111.138835861924520    27.518358763032531     0.000713087158218
 111.138835861924520   152.481641236967477     0.000713087158218
-111.138835861924520    27.518358763032531     0.000713087158218
-111.138835861924520   152.481641236967477     0.000713087158218
  79.359395391179405    64.472624269545392     0.000713087158218
  79.359395391179405   115.527375730454608     0.000713087158218
 -79.359395391179405    64.472624269545392     0.000713087158218
 -79.359395391179405   115.527375730454608     0.000713087158218
 100.640604608820595    64.472624269545392     0.000713087158218
 100.640604608820595   115.527375730454608     0.000713087158218
-100.640604608820595    64.472624269545392     0.000713087158218
-100.640604608820595   115.527375730454608     0.000713087158218
  25.915934765490697    80.408499830273229     0.000713087158218
  25.915934765490697    99.591500169726771     0.000713087158218
 -25.915934765490697    80.408499830273229     0.000713087158218
 -25.915934765490697    99.591500169726771     0.000713087158218
 154.084065234509325    80.408499830273229     0.000713087158218
 154.084065234509325    99.591500169726771     0.000713087158218
-154.084065234509325    80.408499830273229     0.000713087158218
-154.084065234509325    99.591500169726771     0.000713087158218
  10.640604608820587    64.472624269545392     0.000713087158218
  10.640604608820587   115.527375730454608     0.000713087158218
 -10.640604608820587    64.472624269545392     0.000713087158218
 -10.640604608820587   115.527375730454608     0.000713087158218
 169.359395391179419    64.472624269545392     0.000713087158218
 169.359395391179419   115.527375730454608     0.000713087158218
-169.359395391179419    64.472624269545392     0.000713087158218
-169.359395391179419   115.527375730454608     0.000713087158218
  16.523093363504920    22.469614838929356     0.000681702203211
  16.523093363504920   157.530385161070654     0.000681702203211
 -16.523093363504920    22.469614838929356     0.000681702203211
 -16.523093363504920   157.530385161070654     0.000681702203211
 163.476906636495073    22.469614838929356     0.000681702203211
 163.476906636495073   157.530385161070654     0.000681702203211
-163.476906636495073    22.469614838929356     0.000681702203211
-163.476906636495073   157.530385161070654     0.000681702203211
  68.371022159258985    83.759820601224092     0.000681702203211
  68.371022159258985    96.240179398775922     0.000681702203211
 -68.371022159258985    83.759820601224092     0.000681702203211
 -68.371022159258985    96.240179398775922     0.000681702203211
 111.628977840741015    83.759820601224092     0.000681702203211
 111.628977840741015    96.240179398775922     0.000681702203211
-111.628977840741015    83.759820601224092     0.000681702203211
-111.628977840741015    96.240179398775922     0.000681702203211
  73.476906636495102    22.469614838929356     0.000681702203211
  73.476906636495102   157.530385161070654     0.000681702203211
 -73.476906636495102    22.469614838929356     0.000681702203211
 -73.476906636495102   157.530385161070654     0.000681702203211
 106.523093363504913    22.469614838929356     0.000681702203211
 106.523093363504913   157.530385161070654     0.000681702203211
-106.523093363504913    22.469614838929356     0.000681702203211
-106.523093363504913   157.530385161070654     0.000681702203211
  83.291330068053497    68.505567313141313     0.000681702203211
  83.291330068053497   111.494432686858701     0.000681702203211
 -83.291330068053497    68.505567313141313     0.000681702203211
 -83.291330068053497   111.494432686858701     0.000681702203211
  96.708669931946503    68.505567313141313     0.000681702203211
  96.708669931946503   111.494432686858701     0.000681702203211
 -96.708669931946503    68.505567313141313     0.000681702203211
 -96.708669931946503   111.494432686858701     0.000681702203211
  21.628977840741001    83.759820601224092     0.000681702203211
  21.628977840741001    96.240179398775922     0.000681702203211
 -21.628977840741001    83.759820601224092     0.000681702203211
 -21.628977840741001    96.240179398775922     0.000681702203211
 158.371022159259013    83.759820601224092     0.000681702203211
 158.371022159259013    96.240179398775922     0.000681702203211
-158.371022159259013    83.759820601224092     0.000681702203211
-158.371022159259013    96.240179398775922     0.000681702203211
   6.708669931946470    68.505567313141313     0.000681702203211
   6.708669931946470   111.494432686858701     0.000681702203211
  -6.708669931946470    68.505567313141313     0.000681702203211
  -6.708669931946470   111.494432686858701     0.000681702203211
 173.291330068053554    68.505567313141313     0.000681702203211
 173.291330068053554   111.494432686858701     0.000681702203211
-173.291330068053554    68.505567313141313     0.000681702203211
-173.291330068053554   111.494432686858701     0.000681702203211
   9.961861685919123    17.673727168253496     0.000638094114560
   9.961861685919123   162.326272831746508     0.000638094114560
  -9.961861685919123    17.673727168253496     0.000638094114560
  -9.961861685919123   162.326272831746508     0.000638094114560
 170.038138314080896    17.673727168253496     0.000638094114560
 170.038138314080896   162.326272831746508     0.000638094114560
-170.038138314080896    17.673727168253496     0.000638094114560
-170.038138314080896   162.326272831746508     0.000638094114560
  72.576499536517574    86.989446408484596     0.000638094114560
  72.576499536517574    93.010553591515404     0.000638094114560
 -72.576499536517574    86.989446408484596     0.000638094114560
 -72.576499536517574    93.010553591515404     0.000638094114560
 107.423500463482426    86.989446408484596     0.000638094114560
 107.423500463482426    93.010553591515404     0.000638094114560
-107.423500463482426    86.989446408484596     0.000638094114560
-107.423500463482426    93.010553591515404     0.000638094114560
  80.038138314080896    17.673727168253496     0.000638094114560
  80.038138314080896   162.326272831746508     0.000638094114560
 -80.038138314080896    17.673727168253496     0.000638094114560
 -80.038138314080896   162.326272831746508     0.000638094114560
  99.961861685919104    17.673727168253496     0.000638094114560
  99.961861685919104   162.326272831746508     0.000638094114560
 -99.961861685919104    17.673727168253496     0.000638094114560
 -99.961861685919104   162.326272831746508     0.000638094114560
  86.844958178335162    72.601314132721370     0.000638094114560
  86.844958178335162   107.398685867278630     0.000638094114560
 -86.844958178335162    72.601314132721370     0.000638094114560
 -86.844958178335162   107.398685867278630     0.000638094114560
  93.155041821664824    72.601314132721370     0.000638094114560
  93.155041821664824   107.398685867278630     0.000638094114560
 -93.155041821664824    72.601314132721370     0.000638094114560
 -93.155041821664824   107.398685867278630     0.000638094114560
  17.423500463482430    86.989446408484596     0.000638094114560
  17.423500463482430    93.010553591515404     0.000638094114560
 -17.423500463482430    86.989446408484596     0.000638094114560
 -17.423500463482430    93.010553591515404     0.000638094114560
 162.576499536517588    86.989446408484596     0.000638094114560
 162.576499536517588    93.010553591515404     0.000638094114560
-162.576499536517588    86.989446408484596     0.000638094114560
-162.576499536517588    93.010553591515404     0.000638094114560
   3.155041821664895    72.601314132721370     0.000638094114560
   3.155041821664895   107.398685867278630     0.000638094114560
  -3.155041821664895    72.601314132721370     0.000638094114560
  -3.155041821664895   107.398685867278630     0.000638094114560
 176.844958178335105    72.601314132721370     0.000638094114560
 176.844958178335105   107.398685867278630     0.000638094114560
-176.844958178335105    72.601314132721370     0.000638094114560
-176.844958178335105   107.398685867278630     0.000638094114560
  20.128177922930337    41.885870054041767     0.000755038137792
  20.128177922930337   138.114129945958240     0.000755038137792
 -20.128177922930337    41.885870054041767     0.000755038137792
 -20.128177922930337   138.114129945958240     0.000755038137792
 159.871822077069652    41.885870054041767     0.000755038137792
 159.871822077069652   138.114129945958240     0.000755038137792
-159.871822077069652    41.885870054041767     0.000755038137792
-159.871822077069652   138.114129945958240     0.000755038137792
  49.901566547993234    76.717507072433563     0.000755038137792
  49.901566547993234   103.282492927566437     0.000755038137792
 -49.901566547993234    76.717507072433563     0.000755038137792
 -49.901566547993234   103.282492927566437     0.000755038137792
 130.098433452006788    76.717507072433563     0.000755038137792
 130.098433452006788   103.282492927566437     0.000755038137792
-130.098433452006788    76.717507072433563     0.000755038137792
-130.098433452006788   103.282492927566437     0.000755038137792
  69.871822077069652    41.885870054041767     0.000755038137792
  69.871822077069652   138.114129945958240     0.000755038137792
 -69.871822077069652    41.885870054041767     0.000755038137792
 -69.871822077069652   138.114129945958240     0.000755038137792
 110.128177922930348    41.885870054041767     0.000755038137792
 110.128177922930348   138.114129945958240     0.000755038137792
-110.128177922930348    41.885870054041767     0.000755038137792
-110.128177922930348   138.114129945958240     0.000755038137792
  72.849281947464448    51.180250925433505     0.000755038137792
  72.849281947464448   128.819749074566516     0.000755038137792
 -72.849281947464448    51.180250925433505     0.000755038137792
 -72.849281947464448   128.819749074566516     0.000755038137792
 107.150718052535566    51.180250925433505     0.000755038137792
 107.150718052535566   128.819749074566516     0.000755038137792
-107.150718052535566    51.180250925433505     0.000755038137792
-107.150718052535566   128.819749074566516     0.000755038137792
  40.098433452006773    76.717507072433563     0.000755038137792
  40.098433452006773   103.282492927566437     0.000755038137792
 -40.098433452006773    76.717507072433563     0.000755038137792
 -40.098433452006773   103.282492927566437     0.000755038137792
 139.901566547993241    76.717507072433563     0.000755038137792
 139.901566547993241   103.282492927566437     0.000755038137792
-139.901566547993241    76.717507072433563     0.000755038137792
-139.901566547993241   103.282492927566437     0.000755038137792
  17.150718052535584    51.180250925433505     0.000755038137792
  17.150718052535584   128.819749074566516     0.000755038137792
 -17.150718052535584    51.180250925433505     0.000755038137792
 -17.150718052535584   128.819749074566516     0.000755038137792
 162.849281947464419    51.180250925433505     0.000755038137792
 162.849281947464419   128.819749074566516     0.000755038137792
-162.849281947464419    51.180250925433505     0.000755038137792
-162.849281947464419   128.819749074566516     0.000755038137792
  16.799428245848009    36.596496016305537     0.000747864664014
  16.799428245848009   143.403503983694463     0.000747864664014
 -16.799428245848009    36.596496016305537     0.000747864664014
 -16.799428245848009   143.403503983694463     0.000747864664014
 163.200571754152008    36.596496016305537     0.000747864664014
 163.200571754152008   143.403503983694463     0.000747864664014
-163.200571754152008    36.596496016305537     0.000747864664014
-163.200571754152008   143.403503983694463     0.000747864664014
  54.591758758784444    80.077958220335574     0.000747864664014
  54.591758758784444    99.922041779664440     0.000747864664014
 -54.591758758784444    80.077958220335574     0.000747864664014
 -54.591758758784444    99.922041779664440     0.000747864664014
 125.408241241215563    80.077958220335574     0.000747864664014
 125.408241241215563    99.922041779664440     0.000747864664014
-125.408241241215563    80.077958220335574     0.000747864664014
-125.408241241215563    99.922041779664440     0.000747864664014
  73.200571754152008    36.596496016305537     0.000747864664014
  73.200571754152008   143.403503983694463     0.000747864664014
 -73.200571754152008    36.596496016305537     0.000747864664014
 -73.200571754152008   143.403503983694463     0.000747864664014
 106.799428245848006    36.596496016305537     0.000747864664014
 106.799428245848006   143.403503983694463     0.000747864664014
-106.799428245848006    36.596496016305537     0.000747864664014
-106.799428245848006   143.403503983694463     0.000747864664014
  77.886962664975499    55.198684951964076     0.000747864664014
  77.886962664975499   124.801315048035917     0.000747864664014
 -77.886962664975499    55.198684951964076     0.000747864664014
 -77.886962664975499   124.801315048035917     0.000747864664014
 102.113037335024501    55.198684951964076     0.000747864664014
 102.113037335024501   124.801315048035917     0.000747864664014
-102.113037335024501    55.198684951964076     0.000747864664014
-102.113037335024501   124.801315048035917     0.000747864664014
  35.408241241215556    80.077958220335574     0.000747864664014
  35.408241241215556    99.922041779664440     0.000747864664014
 -35.408241241215556    80.077958220335574     0.000747864664014
 -35.408241241215556    99.922041779664440     0.000747864664014
 144.591758758784437    80.077958220335574     0.000747864664014
 144.591758758784437    99.922041779664440     0.000747864664014
-144.591758758784437    80.077958220335574     0.000747864664014
-144.591758758784437    99.922041779664440     0.000747864664014
  12.113037335024499    55.198684951964076     0.000747864664014
  12.113037335024499   124.801315048035917     0.000747864664014
 -12.113037335024499    55.198684951964076     0.000747864664014
 -12.113037335024499   124.801315048035917     0.000747864664014
 167.886962664975499    55.198684951964076     0.000747864664014
 167.886962664975499   124.801315048035917     0.000747864664014
-167.886962664975499    55.198684951964076     0.000747864664014
-167.886962664975499   124.801315048035917     0.000747864664014
  12.611422650394282    31.482354109497035     0.000733591872060
  12.611422650394282   148.517645890502962     0.000733591872060
 -12.611422650394282    31.482354109497035     0.000733591872060
 -12.611422650394282   148.517645890502962     0.000733591872060
 167.388577349605725    31.482354109497035     0.000733591872060
 167.388577349605725   148.517645890502962     0.000733591872060
-167.388577349605725    31.482354109497035     0.000733591872060
-167.388577349605725   148.517645890502962     0.000733591872060
  59.137352452841384    83.452674774414632     0.000733591872060
  59.137352452841384    96.547325225585382     0.000733591872060
 -59.137352452841384    83.452674774414632     0.000733591872060
 -59.137352452841384    96.547325225585382     0.000733591872060
 120.862647547158630    83.452674774414632     0.000733591872060
 120.862647547158630    96.547325225585382     0.000733591872060
-120.862647547158630    83.452674774414632     0.000733591872060
-120.862647547158630    96.547325225585382     0.000733591872060
  77.388577349605725    31.482354109497035     0.000733591872060
  77.388577349605725   148.517645890502962     0.000733591872060
 -77.388577349605725    31.482354109497035     0.000733591872060
 -77.388577349605725   148.517645890502962     0.000733591872060
 102.611422650394289    31.482354109497035     0.000733591872060
 102.611422650394289   148.517645890502962     0.000733591872060
-102.611422650394289    31.482354109497035     0.000733591872060
-102.611422650394289   148.517645890502962     0.000733591872060
  82.384429194541099    59.360407066000612     0.000733591872060
  82.384429194541099   120.639592933999396     0.000733591872060
 -82.384429194541099    59.360407066000612     0.000733591872060
 -82.384429194541099   120.639592933999396     0.000733591872060
  97.615570805458901    59.360407066000612     0.000733591872060
  97.615570805458901   120.639592933999396     0.000733591872060
 -97.615570805458901    59.360407066000612     0.000733591872060
 -97.615570805458901   120.639592933999396     0.000733591872060
  30.862647547158623    83.452674774414632     0.000733591872060
  30.862647547158623    96.547325225585382     0.000733591872060
 -30.862647547158623    83.452674774414632     0.000733591872060
 -30.862647547158623    96.547325225585382     0.000733591872060
 149.137352452841355    83.452674774414632     0.000733591872060
 149.137352452841355    96.547325225585382     0.000733591872060
-149.137352452841355    83.452674774414632     0.000733591872060
-149.137352452841355    96.547325225585382     0.000733591872060
   7.615570805458891    59.360407066000612     0.000733591872060
   7.615570805458891   120.639592933999396     0.000733591872060
  -7.615570805458891    59.360407066000612     0.000733591872060
  -7.615570805458891   120.639592933999396     0.000733591872060
 172.384429194541127    59.360407066000612     0.000733591872060
 172.384429194541127   120.639592933999396     0.000733591872060
-172.384429194541127    59.360407066000612     0.000733591872060
-172.384429194541127   120.639592933999396     0.000733591872060
   7.205211882776674    26.577378715405626     0.000711012052766
   7.205211882776674   153.422621284594385     0.000711012052766
  -7.205211882776674    26.577378715405626     0.000711012052766
  -7.205211882776674   153.422621284594385     0.000711012052766
 172.794788117223334    26.577378715405626     0.000711012052766
 172.794788117223334   153.422621284594385     0.000711012052766
-172.794788117223334    26.577378715405626     0.000711012052766
-172.794788117223334   153.422621284594385     0.000711012052766
  63.603944806600659    86.783144895073661     0.000711012052766
  63.603944806600659    93.216855104926324     0.000711012052766
 -63.603944806600659    86.783144895073661     0.000711012052766
 -63.603944806600659    93.216855104926324     0.000711012052766
 116.396055193399334    86.783144895073661     0.000711012052766
 116.396055193399334    93.216855104926324     0.000711012052766
-116.396055193399334    86.783144895073661     0.000711012052766
-116.396055193399334    93.216855104926324     0.000711012052766
  82.794788117223362    26.577378715405626     0.000711012052766
  82.794788117223362   153.422621284594385     0.000711012052766
 -82.794788117223362    26.577378715405626     0.000711012052766
 -82.794788117223362   153.422621284594385     0.000711012052766
  97.205211882776652    26.577378715405626     0.000711012052766
  97.205211882776652   153.422621284594385     0.000711012052766
 -97.205211882776652    26.577378715405626     0.000711012052766
 -97.205211882776652   153.422621284594385     0.000711012052766
  86.409655838218072    63.648744241039132     0.000711012052766
  86.409655838218072   116.351255758960875     0.000711012052766
 -86.409655838218072    63.648744241039132     0.000711012052766
 -86.409655838218072   116.351255758960875     0.000711012052766
  93.590344161781942    63.648744241039132     0.000711012052766
  93.590344161781942   116.351255758960875     0.000711012052766
 -93.590344161781942    63.648744241039132     0.000711012052766
 -93.590344161781942   116.351255758960875     0.000711012052766
  26.396055193399338    86.783144895073661     0.000711012052766
  26.396055193399338    93.216855104926324     0.000711012052766
 -26.396055193399338    86.783144895073661     0.000711012052766
 -26.396055193399338    93.216855104926324     0.000711012052766
 153.603944806600651    86.783144895073661     0.000711012052766
 153.603944806600651    93.216855104926324     0.000711012052766
-153.603944806600651    86.783144895073661     0.000711012052766
-153.603944806600651    93.216855104926324     0.000711012052766
   3.590344161781929    63.648744241039132     0.000711012052766
   3.590344161781929   116.351255758960875     0.000711012052766
  -3.590344161781929    63.648744241039132     0.000711012052766
  -3.590344161781929   116.351255758960875     0.000711012052766
 176.409655838218072    63.648744241039132     0.000711012052766
 176.409655838218072   116.351255758960875     0.000711012052766
-176.409655838218072    63.648744241039132     0.000711012052766
-176.409655838218072   116.351255758960875     0.000711012052766
  10.278111711327659    40.727924397497453     0.000757136397869
  10.278111711327659   139.272075602502554     0.000757136397869
 -10.278111711327659    40.727924397497453     0.000757136397869
 -10.278111711327659   139.272075602502554     0.000757136397869
 169.721888288672346    40.727924397497453     0.000757136397869
 169.721888288672346   139.272075602502554     0.000757136397869
-169.721888288672346    40.727924397497453     0.000757136397869
-169.721888288672346   139.272075602502554     0.000757136397869
  49.729795684156628    83.314612297431410     0.000757136397869
  49.729795684156628    96.685387702568590     0.000757136397869
 -49.729795684156628    83.314612297431410     0.000757136397869
 -49.729795684156628    96.685387702568590     0.000757136397869
 130.270204315843387    83.314612297431410     0.000757136397869
 130.270204315843387    96.685387702568590     0.000757136397869
-130.270204315843387    83.314612297431410     0.000757136397869
-130.270204315843387    96.685387702568590     0.000757136397869
  79.721888288672375    40.727924397497453     0.000757136397869
  79.721888288672375   139.272075602502554     0.000757136397869
 -79.721888288672375    40.727924397497453     0.000757136397869
 -79.721888288672375   139.272075602502554     0.000757136397869
 100.278111711327625    40.727924397497453     0.000757136397869
 100.278111711327625   139.272075602502554     0.000757136397869
-100.278111711327625    40.727924397497453     0.000757136397869
-100.278111711327625   139.272075602502554     0.000757136397869
  81.266371980221408    50.059044243997917     0.000757136397869
  81.266371980221408   129.940955756002097     0.000757136397869
 -81.266371980221408    50.059044243997917     0.000757136397869
 -81.266371980221408   129.940955756002097     0.000757136397869
  98.733628019778607    50.059044243997917     0.000757136397869
  98.733628019778607   129.940955756002097     0.000757136397869
 -98.733628019778607    50.059044243997917     0.000757136397869
 -98.733628019778607   129.940955756002097     0.000757136397869
  40.270204315843380    83.314612297431410     0.000757136397869
  40.270204315843380    96.685387702568590     0.000757136397869
 -40.270204315843380    83.314612297431410     0.000757136397869
 -40.270204315843380    96.685387702568590     0.000757136397869
 139.729795684156642    83.314612297431410     0.000757136397869
 139.729795684156642    96.685387702568590     0.000757136397869
-139.729795684156642    83.314612297431410     0.000757136397869
-139.729795684156642    96.685387702568590     0.000757136397869
   8.733628019778612    50.059044243997917     0.000757136397869
   8.733628019778612   129.940955756002097     0.000757136397869
  -8.733628019778612    50.059044243997917     0.000757136397869
  -8.733628019778612   129.940955756002097     0.000757136397869
 171.266371980221379    50.059044243997917     0.000757136397869
 171.266371980221379   129.940955756002097     0.000757136397869
-171.266371980221379    50.059044243997917     0.000757136397869
-171.266371980221379   129.940955756002097     0.000757136397869
   5.691451098719496    35.774996847943328     0.000748990832908
   5.691451098719496   144.225003152056701     0.000748990832908
  -5.691451098719496    35.774996847943328     0.000748990832908
  -5.691451098719496   144.225003152056701     0.000748990832908
 174.308548901280517    35.774996847943328     0.000748990832908
 174.308548901280517   144.225003152056701     0.000748990832908
-174.308548901280517    35.774996847943328     0.000748990832908
-174.308548901280517   144.225003152056701     0.000748990832908
  54.359193398046720    86.676362204400064     0.000748990832908
  54.359193398046720    93.323637795599922     0.000748990832908
 -54.359193398046720    86.676362204400064     0.000748990832908
 -54.359193398046720    93.323637795599922     0.000748990832908
 125.640806601953287    86.676362204400064     0.000748990832908
 125.640806601953287    93.323637795599922     0.000748990832908
-125.640806601953287    86.676362204400064     0.000748990832908
-125.640806601953287    93.323637795599922     0.000748990832908
  84.308548901280503    35.774996847943328     0.000748990832908
  84.308548901280503   144.225003152056701     0.000748990832908
 -84.308548901280503    35.774996847943328     0.000748990832908
 -84.308548901280503   144.225003152056701     0.000748990832908
  95.691451098719497    35.774996847943328     0.000748990832908
  95.691451098719497   144.225003152056701     0.000748990832908
 -95.691451098719497    35.774996847943328     0.000748990832908
 -95.691451098719497   144.225003152056701     0.000748990832908
  85.912659170992768    54.428263343039752     0.000748990832908
  85.912659170992768   125.571736656960255     0.000748990832908
 -85.912659170992768    54.428263343039752     0.000748990832908
 -85.912659170992768   125.571736656960255     0.000748990832908
  94.087340829007232    54.428263343039752     0.000748990832908
  94.087340829007232   125.571736656960255     0.000748990832908
 -94.087340829007232    54.428263343039752     0.000748990832908
 -94.087340829007232   125.571736656960255     0.000748990832908
  35.640806601953280    86.676362204400064     0.000748990832908
  35.640806601953280    93.323637795599922     0.000748990832908
 -35.640806601953280    86.676362204400064     0.000748990832908
 -35.640806601953280    93.323637795599922     0.000748990832908
 144.359193398046727    86.676362204400064     0.000748990832908
 144.359193398046727    93.323637795599922     0.000748990832908
-144.359193398046727    86.676362204400064     0.000748990832908
-144.359193398046727    93.323637795599922     0.000748990832908
   4.087340829007284    54.428263343039752     0.000748990832908
   4.087340829007284   125.571736656960255     0.000748990832908
  -4.087340829007284    54.428263343039752     0.000748990832908
  -4.087340829007284   125.571736656960255     0.000748990832908
 175.912659170992725    54.428263343039752     0.000748990832908
 175.912659170992725   125.571736656960255     0.000748990832908
-175.912659170992725    54.428263343039752     0.000748990832908
-175.912659170992725   125.571736656960255     0.000748990832908
