   0.000000000000000    90.000000000000000     0.001782340447245
 180.000000000000000    90.000000000000000     0.001782340447245
  90.000000000000000    90.000000000000000     0.001782340447245
 -90.000000000000000    90.000000000000000     0.001782340447245
  90.000000000000000     0.000000000000000     0.001782340447245
  90.000000000000000   180.000000000000000     0.001782340447245
  90.000000000000000    45.000000000000000     0.005716905949977
  90.000000000000000   135.000000000000000     0.005716905949977
 -90.000000000000000    45.000000000000000     0.005716905949977
 -90.000000000000000   135.000000000000000     0.005716905949977
   0.000000000000000    45.000000000000000     0.005716905949977
   0.000000000000000   135.000000000000000     0.005716905949977
 180.000000000000000    45.000000000000000     0.005716905949977
 180.000000000000000   135.000000000000000     0.005716905949977
  45.000000000000000    90.000000000000000     0.005716905949977
 -45.000000000000000    90.000000000000000     0.005716905949977
 135.000000000000000    90.000000000000000     0.005716905949977
-135.000000000000000    90.000000000000000     0.005716905949977
  45.000000000000000    54.735610317245346     0.005573383178849
  45.000000000000000   125.264389682754654     0.005573383178849
 -45.000000000000000    54.735610317245346     0.005573383178849
 -45.000000000000000   125.264389682754654     0.005573383178849
 135.000000000000000    54.735610317245346     0.005573383178849
 135.000000000000000   125.264389682754654     0.005573383178849
-135.000000000000000    54.735610317245346     0.005573383178849
-135.000000000000000   125.264389682754654     0.005573383178849
  45.000000000000000    71.687656120086686     0.005608704082588
  45.000000000000000   108.312343879913314     0.005608704082588
 -45.000000000000000    71.687656120086686     0.005608704082588
 -45.000000000000000   108.312343879913314     0.005608704082588
 135.000000000000000    71.687656120086686     0.005608704082588
 135.000000000000000   108.312343879913314     0.005608704082588
-135.000000000000000    71.687656120086686     0.005608704082588
-135.000000000000000   108.312343879913314     0.005608704082588
  25.081683048954531    47.832726414679463     0.005608704082588
 -25.081683048954531    47.832726414679463     0.005608704082588
  25.081683048954531   132.167273585320544     0.005608704082588
 -25.081683048954531   132.167273585320544     0.005608704082588
 154.918316951045483    47.832726414679463     0.005608704082588
-154.918316951045483    47.832726414679463     0.005608704082588
 154.918316951045483   132.167273585320544     0.005608704082588
-154.918316951045483   132.167273585320544     0.005608704082588
  64.918316951045469    47.832726414679463     0.005608704082588
 115.081683048954545    47.832726414679463     0.005608704082588
  64.918316951045469   132.167273585320544     0.005608704082588
 115.081683048954545   132.167273585320544     0.005608704082588
 -64.918316951045469    47.832726414679463     0.005608704082588
-115.081683048954545    47.832726414679463     0.005608704082588
 -64.918316951045469   132.167273585320544     0.005608704082588
-115.081683048954545   132.167273585320544     0.005608704082588
  45.000000000000000    24.145573846605085     0.005158237711805
  45.000000000000000   155.854426153394911     0.005158237711805
 -45.000000000000000    24.145573846605085     0.005158237711805
 -45.000000000000000   155.854426153394911     0.005158237711805
 135.000000000000000    24.145573846605085     0.005158237711805
 135.000000000000000   155.854426153394911     0.005158237711805
-135.000000000000000    24.145573846605085     0.005158237711805
-135.000000000000000   155.854426153394911     0.005158237711805
  72.412458763712053    73.187145784071134     0.005158237711805
 -72.412458763712053    73.187145784071134     0.005158237711805
  72.412458763712053   106.812854215928880     0.005158237711805
 -72.412458763712053   106.812854215928880     0.005158237711805
 107.587541236287962    73.187145784071134     0.005158237711805
-107.587541236287962    73.187145784071134     0.005158237711805
 107.587541236287962   106.812854215928880     0.005158237711805
-107.587541236287962   106.812854215928880     0.005158237711805
  17.587541236287958    73.187145784071134     0.005158237711805
 162.412458763712038    73.187145784071134     0.005158237711805
  17.587541236287958   106.812854215928880     0.005158237711805
 162.412458763712038   106.812854215928880     0.005158237711805
 -17.587541236287958    73.187145784071134     0.005158237711805
-162.412458763712038    73.187145784071134     0.005158237711805
 -17.587541236287958   106.812854215928880     0.005158237711805
-162.412458763712038   106.812854215928880     0.005158237711805
  45.000000000000000    38.968373511460598     0.005518771467274
  45.000000000000000   141.031626488539416     0.005518771467274
 -45.000000000000000    38.968373511460598     0.005518771467274
 -45.000000000000000   141.031626488539416     0.005518771467274
 135.000000000000000    38.968373511460598     0.005518771467274
 135.000000000000000   141.031626488539416     0.005518771467274
-135.000000000000000    38.968373511460598     0.005518771467274
-135.000000000000000   141.031626488539416     0.005518771467274
  60.232264997799547    63.596280996635485     0.005518771467274
 -60.232264997799547    63.596280996635485     0.005518771467274
  60.232264997799547   116.403719003364529     0.005518771467274
 -60.232264997799547   116.403719003364529     0.005518771467274
 119.767735002200467    63.596280996635485     0.005518771467274
-119.767735002200467    63.596280996635485     0.005518771467274
 119.767735002200467   116.403719003364529     0.005518771467274
-119.767735002200467   116.403719003364529     0.005518771467274
  29.767735002200460    63.596280996635485     0.005518771467274
 150.232264997799547    63.596280996635485     0.005518771467274
  29.767735002200460   116.403719003364529     0.005518771467274
 150.232264997799547   116.403719003364529     0.005518771467274
 -29.767735002200460    63.596280996635485     0.005518771467274
-150.232264997799547    63.596280996635485     0.005518771467274
 -29.767735002200460   116.403719003364529     0.005518771467274
-150.232264997799547   116.403719003364529     0.005518771467274
  45.000000000000000    10.588483800177032     0.004106777028169
  45.000000000000000   169.411516199822955     0.004106777028169
 -45.000000000000000    10.588483800177032     0.004106777028169
 -45.000000000000000   169.411516199822955     0.004106777028169
 135.000000000000000    10.588483800177032     0.004106777028169
 135.000000000000000   169.411516199822955     0.004106777028169
-135.000000000000000    10.588483800177032     0.004106777028169
-135.000000000000000   169.411516199822955     0.004106777028169
  82.470048915743021    82.534247859100759     0.004106777028169
 -82.470048915743021    82.534247859100759     0.004106777028169
  82.470048915743021    97.465752140899241     0.004106777028169
 -82.470048915743021    97.465752140899241     0.004106777028169
  97.529951084256979    82.534247859100759     0.004106777028169
 -97.529951084256979    82.534247859100759     0.004106777028169
  97.529951084256979    97.465752140899241     0.004106777028169
 -97.529951084256979    97.465752140899241     0.004106777028169
   7.529951084256963    82.534247859100759     0.004106777028169
 172.470048915743035    82.534247859100759     0.004106777028169
   7.529951084256963    97.465752140899241     0.004106777028169
 172.470048915743035    97.465752140899241     0.004106777028169
  -7.529951084256963    82.534247859100759     0.004106777028169
-172.470048915743035    82.534247859100759     0.004106777028169
  -7.529951084256963    97.465752140899241     0.004106777028169
-172.470048915743035    97.465752140899241     0.004106777028169
  69.771180071847766    90.000000000000000     0.005051846064615
 -69.771180071847766    90.000000000000000     0.005051846064615
 110.228819928152248    90.000000000000000     0.005051846064615
-110.228819928152248    90.000000000000000     0.005051846064615
  20.228819928152245    90.000000000000000     0.005051846064615
 -20.228819928152245    90.000000000000000     0.005051846064615
 159.771180071847766    90.000000000000000     0.005051846064615
-159.771180071847766    90.000000000000000     0.005051846064615
   0.000000000000000    20.228819928152245     0.005051846064615
   0.000000000000000   159.771180071847766     0.005051846064615
 180.000000000000000    20.228819928152245     0.005051846064615
 180.000000000000000   159.771180071847766     0.005051846064615
   0.000000000000000    69.771180071847766     0.005051846064615
   0.000000000000000   110.228819928152248     0.005051846064615
 180.000000000000000    69.771180071847766     0.005051846064615
 180.000000000000000   110.228819928152248     0.005051846064615
  90.000000000000000    20.228819928152245     0.005051846064615
  90.000000000000000   159.771180071847766     0.005051846064615
 -90.000000000000000    20.228819928152245     0.005051846064615
 -90.000000000000000   159.771180071847766     0.005051846064615
  90.000000000000000    69.771180071847766     0.005051846064615
  90.000000000000000   110.228819928152248     0.005051846064615
 -90.000000000000000    69.771180071847766     0.005051846064615
 -90.000000000000000   110.228819928152248     0.005051846064615
  79.229143976687084    58.323774165356703     0.005530248916233
  79.229143976687084   121.676225834643290     0.005530248916233
 -79.229143976687084    58.323774165356703     0.005530248916233
 -79.229143976687084   121.676225834643290     0.005530248916233
 100.770856023312916    58.323774165356703     0.005530248916233
 100.770856023312916   121.676225834643290     0.005530248916233
-100.770856023312916    58.323774165356703     0.005530248916233
-100.770856023312916   121.676225834643290     0.005530248916233
  73.150108917024909    33.276130187249905     0.005530248916233
  73.150108917024909   146.723869812750110     0.005530248916233
 -73.150108917024909    33.276130187249905     0.005530248916233
 -73.150108917024909   146.723869812750110     0.005530248916233
 106.849891082975105    33.276130187249905     0.005530248916233
 106.849891082975105   146.723869812750110     0.005530248916233
-106.849891082975105    33.276130187249905     0.005530248916233
-106.849891082975105   146.723869812750110     0.005530248916233
  10.770856023312913    58.323774165356703     0.005530248916233
  10.770856023312913   121.676225834643290     0.005530248916233
 -10.770856023312913    58.323774165356703     0.005530248916233
 -10.770856023312913   121.676225834643290     0.005530248916233
 169.229143976687112    58.323774165356703     0.005530248916233
 169.229143976687112   121.676225834643290     0.005530248916233
-169.229143976687112    58.323774165356703     0.005530248916233
-169.229143976687112   121.676225834643290     0.005530248916233
  32.133143649602260    80.848721937754306     0.005530248916233
  32.133143649602260    99.151278062245694     0.005530248916233
 -32.133143649602260    80.848721937754306     0.005530248916233
 -32.133143649602260    99.151278062245694     0.005530248916233
 147.866856350397740    80.848721937754306     0.005530248916233
 147.866856350397740    99.151278062245694     0.005530248916233
-147.866856350397740    80.848721937754306     0.005530248916233
-147.866856350397740    99.151278062245694     0.005530248916233
  16.849891082975088    33.276130187249905     0.005530248916233
  16.849891082975088   146.723869812750110     0.005530248916233
 -16.849891082975088    33.276130187249905     0.005530248916233
 -16.849891082975088   146.723869812750110     0.005530248916233
 163.150108917024937    33.276130187249905     0.005530248916233
 163.150108917024937   146.723869812750110     0.005530248916233
-163.150108917024937    33.276130187249905     0.005530248916233
-163.150108917024937   146.723869812750110     0.005530248916233
  57.866856350397740    80.848721937754306     0.005530248916233
  57.866856350397740    99.151278062245694     0.005530248916233
 -57.866856350397740    80.848721937754306     0.005530248916233
 -57.866856350397740    99.151278062245694     0.005530248916233
 122.133143649602260    80.848721937754306     0.005530248916233
 122.133143649602260    99.151278062245694     0.005530248916233
-122.133143649602260    80.848721937754306     0.005530248916233
-122.133143649602260    99.151278062245694     0.005530248916233
