   0.000000000000000    90.000000000000000     0.000309512129531
 180.000000000000000    90.000000000000000     0.000309512129531
  90.000000000000000    90.000000000000000     0.000309512129531
 -90.000000000000000    90.000000000000000     0.000309512129531
  90.000000000000000     0.000000000000000     0.000309512129531
  90.000000000000000   180.000000000000000     0.000309512129531
  45.000000000000000    54.735610317245346     0.001852379698597
  45.000000000000000   125.264389682754654     0.001852379698597
 -45.000000000000000    54.735610317245346     0.001852379698597
 -45.000000000000000   125.264389682754654     0.001852379698597
 135.000000000000000    54.735610317245346     0.001852379698597
 135.000000000000000   125.264389682754654     0.001852379698597
-135.000000000000000    54.735610317245346     0.001852379698597
-135.000000000000000   125.264389682754654     0.001852379698597
  45.000000000000000    84.710367813674395     0.001871790639278
  45.000000000000000    95.289632186325619     0.001871790639278
 -45.000000000000000    84.710367813674395     0.001871790639278
 -45.000000000000000    95.289632186325619     0.001871790639278
 135.000000000000000    84.710367813674395     0.001871790639278
 135.000000000000000    95.289632186325619     0.001871790639278
-135.000000000000000    84.710367813674395     0.001871790639278
-135.000000000000000    95.289632186325619     0.001871790639278
   7.459560144595610    45.243483384903868     0.001871790639278
  -7.459560144595610    45.243483384903868     0.001871790639278
   7.459560144595610   134.756516615096160     0.001871790639278
  -7.459560144595610   134.756516615096160     0.001871790639278
 172.540439855404401    45.243483384903868     0.001871790639278
-172.540439855404401    45.243483384903868     0.001871790639278
 172.540439855404401   134.756516615096160     0.001871790639278
-172.540439855404401   134.756516615096160     0.001871790639278
  82.540439855404415    45.243483384903868     0.001871790639278
  97.459560144595599    45.243483384903868     0.001871790639278
  82.540439855404415   134.756516615096160     0.001871790639278
  97.459560144595599   134.756516615096160     0.001871790639278
 -82.540439855404415    45.243483384903868     0.001871790639278
 -97.459560144595599    45.243483384903868     0.001871790639278
 -82.540439855404415   134.756516615096160     0.001871790639278
 -97.459560144595599   134.756516615096160     0.001871790639278
  45.000000000000000    74.314542724511028     0.001858812585438
  45.000000000000000   105.685457275488972     0.001858812585438
 -45.000000000000000    74.314542724511028     0.001858812585438
 -45.000000000000000   105.685457275488972     0.001858812585438
 135.000000000000000    74.314542724511028     0.001858812585438
 135.000000000000000   105.685457275488972     0.001858812585438
-135.000000000000000    74.314542724511028     0.001858812585438
-135.000000000000000   105.685457275488972     0.001858812585438
  21.659522462142391    47.095812412261942     0.001858812585438
 -21.659522462142391    47.095812412261942     0.001858812585438
  21.659522462142391   132.904187587738079     0.001858812585438
 -21.659522462142391   132.904187587738079     0.001858812585438
 158.340477537857623    47.095812412261942     0.001858812585438
-158.340477537857623    47.095812412261942     0.001858812585438
 158.340477537857623   132.904187587738079     0.001858812585438
-158.340477537857623   132.904187587738079     0.001858812585438
  68.340477537857609    47.095812412261942     0.001858812585438
 111.659522462142391    47.095812412261942     0.001858812585438
  68.340477537857609   132.904187587738079     0.001858812585438
 111.659522462142391   132.904187587738079     0.001858812585438
 -68.340477537857609    47.095812412261942     0.001858812585438
-111.659522462142391    47.095812412261942     0.001858812585438
 -68.340477537857609   132.904187587738079     0.001858812585438
-111.659522462142391   132.904187587738079     0.001858812585438
  45.000000000000000    64.318134318778689     0.001852028828296
  45.000000000000000   115.681865681221325     0.001852028828296
 -45.000000000000000    64.318134318778689     0.001852028828296
 -45.000000000000000   115.681865681221325     0.001852028828296
 135.000000000000000    64.318134318778689     0.001852028828296
 135.000000000000000   115.681865681221325     0.001852028828296
-135.000000000000000    64.318134318778689     0.001852028828296
-135.000000000000000   115.681865681221325     0.001852028828296
  34.218202929491348    50.412587784704165     0.001852028828296
 -34.218202929491348    50.412587784704165     0.001852028828296
  34.218202929491348   129.587412215295842     0.001852028828296
 -34.218202929491348   129.587412215295842     0.001852028828296
 145.781797070508645    50.412587784704165     0.001852028828296
-145.781797070508645    50.412587784704165     0.001852028828296
 145.781797070508645   129.587412215295842     0.001852028828296
-145.781797070508645   129.587412215295842     0.001852028828296
  55.781797070508652    50.412587784704165     0.001852028828296
 124.218202929491355    50.412587784704165     0.001852028828296
  55.781797070508652   129.587412215295842     0.001852028828296
 124.218202929491355   129.587412215295842     0.001852028828296
 -55.781797070508652    50.412587784704165     0.001852028828296
-124.218202929491355    50.412587784704165     0.001852028828296
 -55.781797070508652   129.587412215295842     0.001852028828296
-124.218202929491355   129.587412215295842     0.001852028828296
  45.000000000000000    45.511300519562141     0.001846715956151
  45.000000000000000   134.488699480437873     0.001846715956151
 -45.000000000000000    45.511300519562141     0.001846715956151
 -45.000000000000000   134.488699480437873     0.001846715956151
 135.000000000000000    45.511300519562141     0.001846715956151
 135.000000000000000   134.488699480437873     0.001846715956151
-135.000000000000000    45.511300519562141     0.001846715956151
-135.000000000000000   134.488699480437873     0.001846715956151
  54.252111945679047    59.705683855068237     0.001846715956151
 -54.252111945679047    59.705683855068237     0.001846715956151
  54.252111945679047   120.294316144931756     0.001846715956151
 -54.252111945679047   120.294316144931756     0.001846715956151
 125.747888054320953    59.705683855068237     0.001846715956151
-125.747888054320953    59.705683855068237     0.001846715956151
 125.747888054320953   120.294316144931756     0.001846715956151
-125.747888054320953   120.294316144931756     0.001846715956151
  35.747888054320953    59.705683855068237     0.001846715956151
 144.252111945679076    59.705683855068237     0.001846715956151
  35.747888054320953   120.294316144931756     0.001846715956151
 144.252111945679076   120.294316144931756     0.001846715956151
 -35.747888054320953    59.705683855068237     0.001846715956151
-144.252111945679076    59.705683855068237     0.001846715956151
 -35.747888054320953   120.294316144931756     0.001846715956151
-144.252111945679076   120.294316144931756     0.001846715956151
  45.000000000000000    36.598135459661613     0.001818471778163
  45.000000000000000   143.401864540338408     0.001818471778163
 -45.000000000000000    36.598135459661613     0.001818471778163
 -45.000000000000000   143.401864540338408     0.001818471778163
 135.000000000000000    36.598135459661613     0.001818471778163
 135.000000000000000   143.401864540338408     0.001818471778163
-135.000000000000000    36.598135459661613     0.001818471778163
-135.000000000000000   143.401864540338408     0.001818471778163
  62.295670263057389    65.065861723141154     0.001818471778163
 -62.295670263057389    65.065861723141154     0.001818471778163
  62.295670263057389   114.934138276858846     0.001818471778163
 -62.295670263057389   114.934138276858846     0.001818471778163
 117.704329736942611    65.065861723141154     0.001818471778163
-117.704329736942611    65.065861723141154     0.001818471778163
 117.704329736942611   114.934138276858846     0.001818471778163
-117.704329736942611   114.934138276858846     0.001818471778163
  27.704329736942618    65.065861723141154     0.001818471778163
 152.295670263057389    65.065861723141154     0.001818471778163
  27.704329736942618   114.934138276858846     0.001818471778163
 152.295670263057389   114.934138276858846     0.001818471778163
 -27.704329736942618    65.065861723141154     0.001818471778163
-152.295670263057389    65.065861723141154     0.001818471778163
 -27.704329736942618   114.934138276858846     0.001818471778163
-152.295670263057389   114.934138276858846     0.001818471778163
  45.000000000000000    27.983991658643468     0.001749564657281
  45.000000000000000   152.016008341356553     0.001749564657281
 -45.000000000000000    27.983991658643468     0.001749564657281
 -45.000000000000000   152.016008341356553     0.001749564657281
 135.000000000000000    27.983991658643468     0.001749564657281
 135.000000000000000   152.016008341356553     0.001749564657281
-135.000000000000000    27.983991658643468     0.001749564657281
-135.000000000000000   152.016008341356553     0.001749564657281
  69.407697777482170    70.622416788971051     0.001749564657281
 -69.407697777482170    70.622416788971051     0.001749564657281
  69.407697777482170   109.377583211028949     0.001749564657281
 -69.407697777482170   109.377583211028949     0.001749564657281
 110.592302222517830    70.622416788971051     0.001749564657281
-110.592302222517830    70.622416788971051     0.001749564657281
 110.592302222517830   109.377583211028949     0.001749564657281
-110.592302222517830   109.377583211028949     0.001749564657281
  20.592302222517837    70.622416788971051     0.001749564657281
 159.407697777482184    70.622416788971051     0.001749564657281
  20.592302222517837   109.377583211028949     0.001749564657281
 159.407697777482184   109.377583211028949     0.001749564657281
 -20.592302222517837    70.622416788971051     0.001749564657281
-159.407697777482184    70.622416788971051     0.001749564657281
 -20.592302222517837   109.377583211028949     0.001749564657281
-159.407697777482184   109.377583211028949     0.001749564657281
  45.000000000000000    19.709581740941708     0.001617210647254
  45.000000000000000   160.290418259058299     0.001617210647254
 -45.000000000000000    19.709581740941708     0.001617210647254
 -45.000000000000000   160.290418259058299     0.001617210647254
 135.000000000000000    19.709581740941708     0.001617210647254
 135.000000000000000   160.290418259058299     0.001617210647254
-135.000000000000000    19.709581740941708     0.001617210647254
-135.000000000000000   160.290418259058299     0.001617210647254
  75.785171199711186    76.203527361711352     0.001617210647254
 -75.785171199711186    76.203527361711352     0.001617210647254
  75.785171199711186   103.796472638288662     0.001617210647254
 -75.785171199711186   103.796472638288662     0.001617210647254
 104.214828800288828    76.203527361711352     0.001617210647254
-104.214828800288828    76.203527361711352     0.001617210647254
 104.214828800288828   103.796472638288662     0.001617210647254
-104.214828800288828   103.796472638288662     0.001617210647254
  14.214828800288812    76.203527361711352     0.001617210647254
 165.785171199711186    76.203527361711352     0.001617210647254
  14.214828800288812   103.796472638288662     0.001617210647254
 165.785171199711186   103.796472638288662     0.001617210647254
 -14.214828800288812    76.203527361711352     0.001617210647254
-165.785171199711186    76.203527361711352     0.001617210647254
 -14.214828800288812   103.796472638288662     0.001617210647254
-165.785171199711186   103.796472638288662     0.001617210647254
  45.000000000000000    11.907889002938523     0.001384737234852
  45.000000000000000   168.092110997061468     0.001384737234852
 -45.000000000000000    11.907889002938523     0.001384737234852
 -45.000000000000000   168.092110997061468     0.001384737234852
 135.000000000000000    11.907889002938523     0.001384737234852
 135.000000000000000   168.092110997061468     0.001384737234852
-135.000000000000000    11.907889002938523     0.001384737234852
-135.000000000000000   168.092110997061468     0.001384737234852
  81.518974264782287    81.610389240637687     0.001384737234852
 -81.518974264782287    81.610389240637687     0.001384737234852
  81.518974264782287    98.389610759362313     0.001384737234852
 -81.518974264782287    98.389610759362313     0.001384737234852
  98.481025735217713    81.610389240637687     0.001384737234852
 -98.481025735217713    81.610389240637687     0.001384737234852
  98.481025735217713    98.389610759362313     0.001384737234852
 -98.481025735217713    98.389610759362313     0.001384737234852
   8.481025735217729    81.610389240637687     0.001384737234852
 171.518974264782287    81.610389240637687     0.001384737234852
   8.481025735217729    98.389610759362313     0.001384737234852
 171.518974264782287    98.389610759362313     0.001384737234852
  -8.481025735217729    81.610389240637687     0.001384737234852
-171.518974264782287    81.610389240637687     0.001384737234852
  -8.481025735217729    98.389610759362313     0.001384737234852
-171.518974264782287    98.389610759362313     0.001384737234852
  45.000000000000000     4.944849014545264     0.000976433116505
  45.000000000000000   175.055150985454759     0.000976433116505
 -45.000000000000000     4.944849014545264     0.000976433116505
 -45.000000000000000   175.055150985454759     0.000976433116505
 135.000000000000000     4.944849014545264     0.000976433116505
 135.000000000000000   175.055150985454759     0.000976433116505
-135.000000000000000     4.944849014545264     0.000976433116505
-135.000000000000000   175.055150985454759     0.000976433116505
  86.499119922597842    86.505636849659055     0.000976433116505
 -86.499119922597842    86.505636849659055     0.000976433116505
  86.499119922597842    93.494363150340945     0.000976433116505
 -86.499119922597842    93.494363150340945     0.000976433116505
  93.500880077402172    86.505636849659055     0.000976433116505
 -93.500880077402172    86.505636849659055     0.000976433116505
  93.500880077402172    93.494363150340945     0.000976433116505
 -93.500880077402172    93.494363150340945     0.000976433116505
   3.500880077402161    86.505636849659055     0.000976433116505
 176.499119922597828    86.505636849659055     0.000976433116505
   3.500880077402161    93.494363150340945     0.000976433116505
 176.499119922597828    93.494363150340945     0.000976433116505
  -3.500880077402161    86.505636849659055     0.000976433116505
-176.499119922597828    86.505636849659055     0.000976433116505
  -3.500880077402161    93.494363150340945     0.000976433116505
-176.499119922597828    93.494363150340945     0.000976433116505
  52.288608088092758    90.000000000000000     0.001857161196774
 -52.288608088092758    90.000000000000000     0.001857161196774
 127.711391911907242    90.000000000000000     0.001857161196774
-127.711391911907242    90.000000000000000     0.001857161196774
  37.711391911907242    90.000000000000000     0.001857161196774
 -37.711391911907242    90.000000000000000     0.001857161196774
 142.288608088092758    90.000000000000000     0.001857161196774
-142.288608088092758    90.000000000000000     0.001857161196774
   0.000000000000000    37.711391911907242     0.001857161196774
   0.000000000000000   142.288608088092758     0.001857161196774
 180.000000000000000    37.711391911907242     0.001857161196774
 180.000000000000000   142.288608088092758     0.001857161196774
   0.000000000000000    52.288608088092758     0.001857161196774
   0.000000000000000   127.711391911907242     0.001857161196774
 180.000000000000000    52.288608088092758     0.001857161196774
 180.000000000000000   127.711391911907242     0.001857161196774
  90.000000000000000    37.711391911907242     0.001857161196774
  90.000000000000000   142.288608088092758     0.001857161196774
 -90.000000000000000    37.711391911907242     0.001857161196774
 -90.000000000000000   142.288608088092758     0.001857161196774
  90.000000000000000    52.288608088092758     0.001857161196774
  90.000000000000000   127.711391911907242     0.001857161196774
 -90.000000000000000    52.288608088092758     0.001857161196774
 -90.000000000000000   127.711391911907242     0.001857161196774
  66.641968788118220    90.000000000000000     0.001705153996396
 -66.641968788118220    90.000000000000000     0.001705153996396
 113.358031211881794    90.000000000000000     0.001705153996396
-113.358031211881794    90.000000000000000     0.001705153996396
  23.358031211881791    90.000000000000000     0.001705153996396
 -23.358031211881791    90.000000000000000     0.001705153996396
 156.641968788118220    90.000000000000000     0.001705153996396
-156.641968788118220    90.000000000000000     0.001705153996396
   0.000000000000000    23.358031211881791     0.001705153996396
   0.000000000000000   156.641968788118220     0.001705153996396
 180.000000000000000    23.358031211881791     0.001705153996396
 180.000000000000000   156.641968788118220     0.001705153996396
   0.000000000000000    66.641968788118220     0.001705153996396
   0.000000000000000   113.358031211881794     0.001705153996396
 180.000000000000000    66.641968788118220     0.001705153996396
 180.000000000000000   113.358031211881794     0.001705153996396
  90.000000000000000    23.358031211881791     0.001705153996396
  90.000000000000000   156.641968788118220     0.001705153996396
 -90.000000000000000    23.358031211881791     0.001705153996396
 -90.000000000000000   156.641968788118220     0.001705153996396
  90.000000000000000    66.641968788118220     0.001705153996396
  90.000000000000000   113.358031211881794     0.001705153996396
 -90.000000000000000    66.641968788118220     0.001705153996396
 -90.000000000000000   113.358031211881794     0.001705153996396
  80.068061732303320    90.000000000000000     0.001300321685886
 -80.068061732303320    90.000000000000000     0.001300321685886
  99.931938267696694    90.000000000000000     0.001300321685886
 -99.931938267696694    90.000000000000000     0.001300321685886
   9.931938267696671    90.000000000000000     0.001300321685886
  -9.931938267696671    90.000000000000000     0.001300321685886
 170.068061732303335    90.000000000000000     0.001300321685886
-170.068061732303335    90.000000000000000     0.001300321685886
   0.000000000000000     9.931938267696671     0.001300321685886
   0.000000000000000   170.068061732303335     0.001300321685886
 180.000000000000000     9.931938267696671     0.001300321685886
 180.000000000000000   170.068061732303335     0.001300321685886
   0.000000000000000    80.068061732303320     0.001300321685886
   0.000000000000000    99.931938267696694     0.001300321685886
 180.000000000000000    80.068061732303320     0.001300321685886
 180.000000000000000    99.931938267696694     0.001300321685886
  90.000000000000000     9.931938267696671     0.001300321685886
  90.000000000000000   170.068061732303335     0.001300321685886
 -90.000000000000000     9.931938267696671     0.001300321685886
 -90.000000000000000   170.068061732303335     0.001300321685886
  90.000000000000000    80.068061732303320     0.001300321685886
  90.000000000000000    99.931938267696694     0.001300321685886
 -90.000000000000000    80.068061732303320     0.001300321685886
 -90.000000000000000    99.931938267696694     0.001300321685886
  32.092443961164115    41.469303792449097     0.001842866472905
  32.092443961164115   138.530696207550932     0.001842866472905
 -32.092443961164115    41.469303792449097     0.001842866472905
 -32.092443961164115   138.530696207550932     0.001842866472905
 147.907556038835878    41.469303792449097     0.001842866472905
 147.907556038835878   138.530696207550932     0.001842866472905
-147.907556038835878    41.469303792449097     0.001842866472905
-147.907556038835878   138.530696207550932     0.001842866472905
  53.176943471957848    69.400829731786843     0.001842866472905
  53.176943471957848   110.599170268213172     0.001842866472905
 -53.176943471957848    69.400829731786843     0.001842866472905
 -53.176943471957848   110.599170268213172     0.001842866472905
 126.823056528042144    69.400829731786843     0.001842866472905
 126.823056528042144   110.599170268213172     0.001842866472905
-126.823056528042144    69.400829731786843     0.001842866472905
-126.823056528042144   110.599170268213172     0.001842866472905
  57.907556038835885    41.469303792449097     0.001842866472905
  57.907556038835885   138.530696207550932     0.001842866472905
 -57.907556038835885    41.469303792449097     0.001842866472905
 -57.907556038835885   138.530696207550932     0.001842866472905
 122.092443961164108    41.469303792449097     0.001842866472905
 122.092443961164108   138.530696207550932     0.001842866472905
-122.092443961164108    41.469303792449097     0.001842866472905
-122.092443961164108   138.530696207550932     0.001842866472905
  64.848267934007310    55.873191425684368     0.001842866472905
  64.848267934007310   124.126808574315618     0.001842866472905
 -64.848267934007310    55.873191425684368     0.001842866472905
 -64.848267934007310   124.126808574315618     0.001842866472905
 115.151732065992690    55.873191425684368     0.001842866472905
 115.151732065992690   124.126808574315618     0.001842866472905
-115.151732065992690    55.873191425684368     0.001842866472905
-115.151732065992690   124.126808574315618     0.001842866472905
  36.823056528042152    69.400829731786843     0.001842866472905
  36.823056528042152   110.599170268213172     0.001842866472905
 -36.823056528042152    69.400829731786843     0.001842866472905
 -36.823056528042152   110.599170268213172     0.001842866472905
 143.176943471957856    69.400829731786843     0.001842866472905
 143.176943471957856   110.599170268213172     0.001842866472905
-143.176943471957856    69.400829731786843     0.001842866472905
-143.176943471957856   110.599170268213172     0.001842866472905
  25.151732065992690    55.873191425684368     0.001842866472905
  25.151732065992690   124.126808574315618     0.001842866472905
 -25.151732065992690    55.873191425684368     0.001842866472905
 -25.151732065992690   124.126808574315618     0.001842866472905
 154.848267934007310    55.873191425684368     0.001842866472905
 154.848267934007310   124.126808574315618     0.001842866472905
-154.848267934007310    55.873191425684368     0.001842866472905
-154.848267934007310   124.126808574315618     0.001842866472905
  29.055102317087837    32.854865386032508     0.001802658934377
  29.055102317087837   147.145134613967485     0.001802658934377
 -29.055102317087837    32.854865386032508     0.001802658934377
 -29.055102317087837   147.145134613967485     0.001802658934377
 150.944897682912170    32.854865386032508     0.001802658934377
 150.944897682912170   147.145134613967485     0.001802658934377
-150.944897682912170    32.854865386032508     0.001802658934377
-150.944897682912170   147.145134613967485     0.001802658934377
  60.553592279152021    74.723841320161910     0.001802658934377
  60.553592279152021   105.276158679838090     0.001802658934377
 -60.553592279152021    74.723841320161910     0.001802658934377
 -60.553592279152021   105.276158679838090     0.001802658934377
 119.446407720847972    74.723841320161910     0.001802658934377
 119.446407720847972   105.276158679838090     0.001802658934377
-119.446407720847972    74.723841320161910     0.001802658934377
-119.446407720847972   105.276158679838090     0.001802658934377
  60.944897682912163    32.854865386032508     0.001802658934377
  60.944897682912163   147.145134613967485     0.001802658934377
 -60.944897682912163    32.854865386032508     0.001802658934377
 -60.944897682912163   147.145134613967485     0.001802658934377
 119.055102317087844    32.854865386032508     0.001802658934377
 119.055102317087844   147.145134613967485     0.001802658934377
-119.055102317087844    32.854865386032508     0.001802658934377
-119.055102317087844   147.145134613967485     0.001802658934377
  72.586540097930282    61.690168546968977     0.001802658934377
  72.586540097930282   118.309831453031052     0.001802658934377
 -72.586540097930282    61.690168546968977     0.001802658934377
 -72.586540097930282   118.309831453031052     0.001802658934377
 107.413459902069732    61.690168546968977     0.001802658934377
 107.413459902069732   118.309831453031052     0.001802658934377
-107.413459902069732    61.690168546968977     0.001802658934377
-107.413459902069732   118.309831453031052     0.001802658934377
  29.446407720847983    74.723841320161910     0.001802658934377
  29.446407720847983   105.276158679838090     0.001802658934377
 -29.446407720847983    74.723841320161910     0.001802658934377
 -29.446407720847983   105.276158679838090     0.001802658934377
 150.553592279152014    74.723841320161910     0.001802658934377
 150.553592279152014   105.276158679838090     0.001802658934377
-150.553592279152014    74.723841320161910     0.001802658934377
-150.553592279152014   105.276158679838090     0.001802658934377
  17.413459902069715    61.690168546968977     0.001802658934377
  17.413459902069715   118.309831453031052     0.001802658934377
 -17.413459902069715    61.690168546968977     0.001802658934377
 -17.413459902069715   118.309831453031052     0.001802658934377
 162.586540097930282    61.690168546968977     0.001802658934377
 162.586540097930282   118.309831453031052     0.001802658934377
-162.586540097930282    61.690168546968977     0.001802658934377
-162.586540097930282   118.309831453031052     0.001802658934377
  16.887062985325233    38.710048332216324     0.001849830560444
  16.887062985325233   141.289951667783697     0.001849830560444
 -16.887062985325233    38.710048332216324     0.001849830560444
 -16.887062985325233   141.289951667783697     0.001849830560444
 163.112937014674770    38.710048332216324     0.001849830560444
 163.112937014674770   141.289951667783697     0.001849830560444
-163.112937014674770    38.710048332216324     0.001849830560444
-163.112937014674770   141.289951667783697     0.001849830560444
  52.516110098206475    79.533296983429310     0.001849830560444
  52.516110098206475   100.466703016570690     0.001849830560444
 -52.516110098206475    79.533296983429310     0.001849830560444
 -52.516110098206475   100.466703016570690     0.001849830560444
 127.483889901793532    79.533296983429310     0.001849830560444
 127.483889901793532   100.466703016570690     0.001849830560444
-127.483889901793532    79.533296983429310     0.001849830560444
-127.483889901793532   100.466703016570690     0.001849830560444
  73.112937014674785    38.710048332216324     0.001849830560444
  73.112937014674785   141.289951667783697     0.001849830560444
 -73.112937014674785    38.710048332216324     0.001849830560444
 -73.112937014674785   141.289951667783697     0.001849830560444
 106.887062985325230    38.710048332216324     0.001849830560444
 106.887062985325230   141.289951667783697     0.001849830560444
-106.887062985325230    38.710048332216324     0.001849830560444
-106.887062985325230   141.289951667783697     0.001849830560444
  76.894583890113822    53.243703548729755     0.001849830560444
  76.894583890113822   126.756296451270245     0.001849830560444
 -76.894583890113822    53.243703548729755     0.001849830560444
 -76.894583890113822   126.756296451270245     0.001849830560444
 103.105416109886193    53.243703548729755     0.001849830560444
 103.105416109886193   126.756296451270245     0.001849830560444
-103.105416109886193    53.243703548729755     0.001849830560444
-103.105416109886193   126.756296451270245     0.001849830560444
  37.483889901793525    79.533296983429310     0.001849830560444
  37.483889901793525   100.466703016570690     0.001849830560444
 -37.483889901793525    79.533296983429310     0.001849830560444
 -37.483889901793525   100.466703016570690     0.001849830560444
 142.516110098206468    79.533296983429310     0.001849830560444
 142.516110098206468   100.466703016570690     0.001849830560444
-142.516110098206468    79.533296983429310     0.001849830560444
-142.516110098206468   100.466703016570690     0.001849830560444
  13.105416109886178    53.243703548729755     0.001849830560444
  13.105416109886178   126.756296451270245     0.001849830560444
 -13.105416109886178    53.243703548729755     0.001849830560444
 -13.105416109886178   126.756296451270245     0.001849830560444
 166.894583890113836    53.243703548729755     0.001849830560444
 166.894583890113836   126.756296451270245     0.001849830560444
-166.894583890113836    53.243703548729755     0.001849830560444
-166.894583890113836   126.756296451270245     0.001849830560444
  24.413852586150139    24.603115092281133     0.001713904507107
  24.413852586150139   155.396884907718885     0.001713904507107
 -24.413852586150139    24.603115092281133     0.001713904507107
 -24.413852586150139   155.396884907718885     0.001713904507107
 155.586147413849886    24.603115092281133     0.001713904507107
 155.586147413849886   155.396884907718885     0.001713904507107
-155.586147413849886    24.603115092281133     0.001713904507107
-155.586147413849886   155.396884907718885     0.001713904507107
  67.365929251013370    80.091251045140552     0.001713904507107
  67.365929251013370    99.908748954859462     0.001713904507107
 -67.365929251013370    80.091251045140552     0.001713904507107
 -67.365929251013370    99.908748954859462     0.001713904507107
 112.634070748986630    80.091251045140552     0.001713904507107
 112.634070748986630    99.908748954859462     0.001713904507107
-112.634070748986630    80.091251045140552     0.001713904507107
-112.634070748986630    99.908748954859462     0.001713904507107
  65.586147413849872    24.603115092281133     0.001713904507107
  65.586147413849872   155.396884907718885     0.001713904507107
 -65.586147413849872    24.603115092281133     0.001713904507107
 -65.586147413849872   155.396884907718885     0.001713904507107
 114.413852586150128    24.603115092281133     0.001713904507107
 114.413852586150128   155.396884907718885     0.001713904507107
-114.413852586150128    24.603115092281133     0.001713904507107
-114.413852586150128   155.396884907718885     0.001713904507107
  79.282851757880067    67.721835036985098     0.001713904507107
  79.282851757880067   112.278164963014916     0.001713904507107
 -79.282851757880067    67.721835036985098     0.001713904507107
 -79.282851757880067   112.278164963014916     0.001713904507107
 100.717148242119933    67.721835036985098     0.001713904507107
 100.717148242119933   112.278164963014916     0.001713904507107
-100.717148242119933    67.721835036985098     0.001713904507107
-100.717148242119933   112.278164963014916     0.001713904507107
  22.634070748986620    80.091251045140552     0.001713904507107
  22.634070748986620    99.908748954859462     0.001713904507107
 -22.634070748986620    80.091251045140552     0.001713904507107
 -22.634070748986620    99.908748954859462     0.001713904507107
 157.365929251013398    80.091251045140552     0.001713904507107
 157.365929251013398    99.908748954859462     0.001713904507107
-157.365929251013398    80.091251045140552     0.001713904507107
-157.365929251013398    99.908748954859462     0.001713904507107
  10.717148242119929    67.721835036985098     0.001713904507107
  10.717148242119929   112.278164963014916     0.001713904507107
 -10.717148242119929    67.721835036985098     0.001713904507107
 -10.717148242119929   112.278164963014916     0.001713904507107
 169.282851757880081    67.721835036985098     0.001713904507107
 169.282851757880081   112.278164963014916     0.001713904507107
-169.282851757880081    67.721835036985098     0.001713904507107
-169.282851757880081   112.278164963014916     0.001713904507107
  16.466282972742803    16.843047005921569     0.001555213603397
  16.466282972742803   163.156952994078438     0.001555213603397
 -16.466282972742803    16.843047005921569     0.001555213603397
 -16.466282972742803   163.156952994078438     0.001555213603397
 163.533717027257211    16.843047005921569     0.001555213603397
 163.533717027257211   163.156952994078438     0.001555213603397
-163.533717027257211    16.843047005921569     0.001555213603397
-163.533717027257211   163.156952994078438     0.001555213603397
  73.810850338833916    85.288978840333144     0.001555213603397
  73.810850338833916    94.711021159666856     0.001555213603397
 -73.810850338833916    85.288978840333144     0.001555213603397
 -73.810850338833916    94.711021159666856     0.001555213603397
 106.189149661166084    85.288978840333144     0.001555213603397
 106.189149661166084    94.711021159666856     0.001555213603397
-106.189149661166084    85.288978840333144     0.001555213603397
-106.189149661166084    94.711021159666856     0.001555213603397
  73.533717027257211    16.843047005921569     0.001555213603397
  73.533717027257211   163.156952994078438     0.001555213603397
 -73.533717027257211    16.843047005921569     0.001555213603397
 -73.533717027257211   163.156952994078438     0.001555213603397
 106.466282972742803    16.843047005921569     0.001555213603397
 106.466282972742803   163.156952994078438     0.001555213603397
-106.466282972742803    16.843047005921569     0.001555213603397
-106.466282972742803   163.156952994078438     0.001555213603397
  85.095387091867423    73.867039203468067     0.001555213603397
  85.095387091867423   106.132960796531947     0.001555213603397
 -85.095387091867423    73.867039203468067     0.001555213603397
 -85.095387091867423   106.132960796531947     0.001555213603397
  94.904612908132592    73.867039203468067     0.001555213603397
  94.904612908132592   106.132960796531947     0.001555213603397
 -94.904612908132592    73.867039203468067     0.001555213603397
 -94.904612908132592   106.132960796531947     0.001555213603397
  16.189149661166098    85.288978840333144     0.001555213603397
  16.189149661166098    94.711021159666856     0.001555213603397
 -16.189149661166098    85.288978840333144     0.001555213603397
 -16.189149661166098    94.711021159666856     0.001555213603397
 163.810850338833916    85.288978840333144     0.001555213603397
 163.810850338833916    94.711021159666856     0.001555213603397
-163.810850338833916    85.288978840333144     0.001555213603397
-163.810850338833916    94.711021159666856     0.001555213603397
   4.904612908132545    73.867039203468067     0.001555213603397
   4.904612908132545   106.132960796531947     0.001555213603397
  -4.904612908132545    73.867039203468067     0.001555213603397
  -4.904612908132545   106.132960796531947     0.001555213603397
 175.095387091867451    73.867039203468067     0.001555213603397
 175.095387091867451   106.132960796531947     0.001555213603397
-175.095387091867451    73.867039203468067     0.001555213603397
-175.095387091867451   106.132960796531947     0.001555213603397
  10.136472413382769    30.752975706205614     0.001802239128009
  10.136472413382769   149.247024293794396     0.001802239128009
 -10.136472413382769    30.752975706205614     0.001802239128009
 -10.136472413382769   149.247024293794396     0.001802239128009
 169.863527586617238    30.752975706205614     0.001802239128009
 169.863527586617238   149.247024293794396     0.001802239128009
-169.863527586617238    30.752975706205614     0.001802239128009
-169.863527586617238   149.247024293794396     0.001802239128009
  59.641618035752018    84.836849782060909     0.001802239128009
  59.641618035752018    95.163150217939091     0.001802239128009
 -59.641618035752018    84.836849782060909     0.001802239128009
 -59.641618035752018    95.163150217939091     0.001802239128009
 120.358381964247982    84.836849782060909     0.001802239128009
 120.358381964247982    95.163150217939091     0.001802239128009
-120.358381964247982    84.836849782060909     0.001802239128009
-120.358381964247982    95.163150217939091     0.001802239128009
  79.863527586617252    30.752975706205614     0.001802239128009
  79.863527586617252   149.247024293794396     0.001802239128009
 -79.863527586617252    30.752975706205614     0.001802239128009
 -79.863527586617252   149.247024293794396     0.001802239128009
 100.136472413382762    30.752975706205614     0.001802239128009
 100.136472413382762   149.247024293794396     0.001802239128009
-100.136472413382762    30.752975706205614     0.001802239128009
-100.136472413382762   149.247024293794396     0.001802239128009
  84.021920478040968    59.777691011721402     0.001802239128009
  84.021920478040968   120.222308988278613     0.001802239128009
 -84.021920478040968    59.777691011721402     0.001802239128009
 -84.021920478040968   120.222308988278613     0.001802239128009
  95.978079521959032    59.777691011721402     0.001802239128009
  95.978079521959032   120.222308988278613     0.001802239128009
 -95.978079521959032    59.777691011721402     0.001802239128009
 -95.978079521959032   120.222308988278613     0.001802239128009
  30.358381964247979    84.836849782060909     0.001802239128009
  30.358381964247979    95.163150217939091     0.001802239128009
 -30.358381964247979    84.836849782060909     0.001802239128009
 -30.358381964247979    95.163150217939091     0.001802239128009
 149.641618035752032    84.836849782060909     0.001802239128009
 149.641618035752032    95.163150217939091     0.001802239128009
-149.641618035752032    84.836849782060909     0.001802239128009
-149.641618035752032    95.163150217939091     0.001802239128009
   5.978079521959015    59.777691011721402     0.001802239128009
   5.978079521959015   120.222308988278613     0.001802239128009
  -5.978079521959015    59.777691011721402     0.001802239128009
  -5.978079521959015   120.222308988278613     0.001802239128009
 174.021920478040983    59.777691011721402     0.001802239128009
 174.021920478040983   120.222308988278613     0.001802239128009
-174.021920478040983    59.777691011721402     0.001802239128009
-174.021920478040983   120.222308988278613     0.001802239128009
