   0.000000000000000    90.000000000000000     0.000219294208818
 180.000000000000000    90.000000000000000     0.000219294208818
  90.000000000000000    90.000000000000000     0.000219294208818
 -90.000000000000000    90.000000000000000     0.000219294208818
  90.000000000000000     0.000000000000000     0.000219294208818
  90.000000000000000   180.000000000000000     0.000219294208818
  90.000000000000000    45.000000000000000     0.001436433617319
  90.000000000000000   135.000000000000000     0.001436433617319
 -90.000000000000000    45.000000000000000     0.001436433617319
 -90.000000000000000   135.000000000000000     0.001436433617319
   0.000000000000000    45.000000000000000     0.001436433617319
   0.000000000000000   135.000000000000000     0.001436433617319
 180.000000000000000    45.000000000000000     0.001436433617319
 180.000000000000000   135.000000000000000     0.001436433617319
  45.000000000000000    90.000000000000000     0.001436433617319
 -45.000000000000000    90.000000000000000     0.001436433617319
 135.000000000000000    90.000000000000000     0.001436433617319
-135.000000000000000    90.000000000000000     0.001436433617319
  45.000000000000000    54.735610317245346     0.001421940344336
  45.000000000000000   125.264389682754654     0.001421940344336
 -45.000000000000000    54.735610317245346     0.001421940344336
 -45.000000000000000   125.264389682754654     0.001421940344336
 135.000000000000000    54.735610317245346     0.001421940344336
 135.000000000000000   125.264389682754654     0.001421940344336
-135.000000000000000    54.735610317245346     0.001421940344336
-135.000000000000000   125.264389682754654     0.001421940344336
  45.000000000000000     4.125648064984696     0.000679812351105
  45.000000000000000   175.874351935015312     0.000679812351105
 -45.000000000000000     4.125648064984696     0.000679812351105
 -45.000000000000000   175.874351935015312     0.000679812351105
 135.000000000000000     4.125648064984696     0.000679812351105
 135.000000000000000   175.874351935015312     0.000679812351105
-135.000000000000000     4.125648064984696     0.000679812351105
-135.000000000000000   175.874351935015312     0.000679812351105
  87.080204015926299    87.083987897944340     0.000679812351105
 -87.080204015926299    87.083987897944340     0.000679812351105
  87.080204015926299    92.916012102055660     0.000679812351105
 -87.080204015926299    92.916012102055660     0.000679812351105
  92.919795984073716    87.083987897944340     0.000679812351105
 -92.919795984073716    87.083987897944340     0.000679812351105
  92.919795984073716    92.916012102055660     0.000679812351105
 -92.919795984073716    92.916012102055660     0.000679812351105
   2.919795984073763    87.083987897944340     0.000679812351105
 177.080204015926256    87.083987897944340     0.000679812351105
   2.919795984073763    92.916012102055660     0.000679812351105
 177.080204015926256    92.916012102055660     0.000679812351105
  -2.919795984073763    87.083987897944340     0.000679812351105
-177.080204015926256    87.083987897944340     0.000679812351105
  -2.919795984073763    92.916012102055660     0.000679812351105
-177.080204015926256    92.916012102055660     0.000679812351105
  45.000000000000000    10.002639096449045     0.000991318423529
  45.000000000000000   169.997360903550970     0.000991318423529
 -45.000000000000000    10.002639096449045     0.000991318423529
 -45.000000000000000   169.997360903550970     0.000991318423529
 135.000000000000000    10.002639096449045     0.000991318423529
 135.000000000000000   169.997360903550970     0.000991318423529
-135.000000000000000    10.002639096449045     0.000991318423529
-135.000000000000000   169.997360903550970     0.000991318423529
  82.891029193050230    82.945126088586790     0.000991318423529
 -82.891029193050230    82.945126088586790     0.000991318423529
  82.891029193050230    97.054873911413210     0.000991318423529
 -82.891029193050230    97.054873911413210     0.000991318423529
  97.108970806949785    82.945126088586790     0.000991318423529
 -97.108970806949785    82.945126088586790     0.000991318423529
  97.108970806949785    97.054873911413210     0.000991318423529
 -97.108970806949785    97.054873911413210     0.000991318423529
   7.108970806949768    82.945126088586790     0.000991318423529
 172.891029193050230    82.945126088586790     0.000991318423529
   7.108970806949768    97.054873911413210     0.000991318423529
 172.891029193050230    97.054873911413210     0.000991318423529
  -7.108970806949768    82.945126088586790     0.000991318423529
-172.891029193050230    82.945126088586790     0.000991318423529
  -7.108970806949768    97.054873911413210     0.000991318423529
-172.891029193050230    97.054873911413210     0.000991318423529
  45.000000000000000    16.657242011035237     0.001180207833239
  45.000000000000000   163.342757988964792     0.001180207833239
 -45.000000000000000    16.657242011035237     0.001180207833239
 -45.000000000000000   163.342757988964792     0.001180207833239
 135.000000000000000    16.657242011035237     0.001180207833239
 135.000000000000000   163.342757988964792     0.001180207833239
-135.000000000000000    16.657242011035237     0.001180207833239
-135.000000000000000   163.342757988964792     0.001180207833239
  78.054249937178625    78.305746582252837     0.001180207833239
 -78.054249937178625    78.305746582252837     0.001180207833239
  78.054249937178625   101.694253417747163     0.001180207833239
 -78.054249937178625   101.694253417747163     0.001180207833239
 101.945750062821389    78.305746582252837     0.001180207833239
-101.945750062821389    78.305746582252837     0.001180207833239
 101.945750062821389   101.694253417747163     0.001180207833239
-101.945750062821389   101.694253417747163     0.001180207833239
  11.945750062821389    78.305746582252837     0.001180207833239
 168.054249937178611    78.305746582252837     0.001180207833239
  11.945750062821389   101.694253417747163     0.001180207833239
 168.054249937178611   101.694253417747163     0.001180207833239
 -11.945750062821389    78.305746582252837     0.001180207833239
-168.054249937178611    78.305746582252837     0.001180207833239
 -11.945750062821389   101.694253417747163     0.001180207833239
-168.054249937178611   101.694253417747163     0.001180207833239
  45.000000000000000    23.749079350351597     0.001296599602081
  45.000000000000000   156.250920649648407     0.001296599602081
 -45.000000000000000    23.749079350351597     0.001296599602081
 -45.000000000000000   156.250920649648407     0.001296599602081
 135.000000000000000    23.749079350351597     0.001296599602081
 135.000000000000000   156.250920649648407     0.001296599602081
-135.000000000000000    23.749079350351597     0.001296599602081
-135.000000000000000   156.250920649648407     0.001296599602081
  72.717991911883431    73.454629221831183     0.001296599602081
 -72.717991911883431    73.454629221831183     0.001296599602081
  72.717991911883431   106.545370778168831     0.001296599602081
 -72.717991911883431   106.545370778168831     0.001296599602081
 107.282008088116584    73.454629221831183     0.001296599602081
-107.282008088116584    73.454629221831183     0.001296599602081
 107.282008088116584   106.545370778168831     0.001296599602081
-107.282008088116584   106.545370778168831     0.001296599602081
  17.282008088116580    73.454629221831183     0.001296599602081
 162.717991911883416    73.454629221831183     0.001296599602081
  17.282008088116580   106.545370778168831     0.001296599602081
 162.717991911883416   106.545370778168831     0.001296599602081
 -17.282008088116580    73.454629221831183     0.001296599602081
-162.717991911883416    73.454629221831183     0.001296599602081
 -17.282008088116580   106.545370778168831     0.001296599602081
-162.717991911883416   106.545370778168831     0.001296599602081
  45.000000000000000    31.140480735312735     0.001365871427428
  45.000000000000000   148.859519264687265     0.001365871427428
 -45.000000000000000    31.140480735312735     0.001365871427428
 -45.000000000000000   148.859519264687265     0.001365871427428
 135.000000000000000    31.140480735312735     0.001365871427428
 135.000000000000000   148.859519264687265     0.001365871427428
-135.000000000000000    31.140480735312735     0.001365871427428
-135.000000000000000   148.859519264687265     0.001365871427428
  66.866094026513707    68.551061091023939     0.001365871427428
 -66.866094026513707    68.551061091023939     0.001365871427428
  66.866094026513707   111.448938908976061     0.001365871427428
 -66.866094026513707   111.448938908976061     0.001365871427428
 113.133905973486293    68.551061091023939     0.001365871427428
-113.133905973486293    68.551061091023939     0.001365871427428
 113.133905973486293   111.448938908976061     0.001365871427428
-113.133905973486293   111.448938908976061     0.001365871427428
  23.133905973486300    68.551061091023939     0.001365871427428
 156.866094026513707    68.551061091023939     0.001365871427428
  23.133905973486300   111.448938908976061     0.001365871427428
 156.866094026513707   111.448938908976061     0.001365871427428
 -23.133905973486300    68.551061091023939     0.001365871427428
-156.866094026513707    68.551061091023939     0.001365871427428
 -23.133905973486300   111.448938908976061     0.001365871427428
-156.866094026513707   111.448938908976061     0.001365871427428
  45.000000000000000    38.774083159337799     0.001402988604775
  45.000000000000000   141.225916840662194     0.001402988604775
 -45.000000000000000    38.774083159337799     0.001402988604775
 -45.000000000000000   141.225916840662194     0.001402988604775
 135.000000000000000    38.774083159337799     0.001402988604775
 135.000000000000000   141.225916840662194     0.001402988604775
-135.000000000000000    38.774083159337799     0.001402988604775
-135.000000000000000   141.225916840662194     0.001402988604775
  60.403337215184649    63.715638223535336     0.001402988604775
 -60.403337215184649    63.715638223535336     0.001402988604775
  60.403337215184649   116.284361776464678     0.001402988604775
 -60.403337215184649   116.284361776464678     0.001402988604775
 119.596662784815351    63.715638223535336     0.001402988604775
-119.596662784815351    63.715638223535336     0.001402988604775
 119.596662784815351   116.284361776464678     0.001402988604775
-119.596662784815351   116.284361776464678     0.001402988604775
  29.596662784815351    63.715638223535336     0.001402988604775
 150.403337215184649    63.715638223535336     0.001402988604775
  29.596662784815351   116.284361776464678     0.001402988604775
 150.403337215184649   116.284361776464678     0.001402988604775
 -29.596662784815351    63.715638223535336     0.001402988604775
-150.403337215184649    63.715638223535336     0.001402988604775
 -29.596662784815351   116.284361776464678     0.001402988604775
-150.403337215184649   116.284361776464678     0.001402988604775
  45.000000000000000    46.634928766862103     0.001418645563596
  45.000000000000000   133.365071233137911     0.001418645563596
 -45.000000000000000    46.634928766862103     0.001418645563596
 -45.000000000000000   133.365071233137911     0.001418645563596
 135.000000000000000    46.634928766862103     0.001418645563596
 135.000000000000000   133.365071233137911     0.001418645563596
-135.000000000000000    46.634928766862103     0.001418645563596
-135.000000000000000   133.365071233137911     0.001418645563596
  53.179338692991976    59.065224139889203     0.001418645563596
 -53.179338692991976    59.065224139889203     0.001418645563596
  53.179338692991976   120.934775860110804     0.001418645563596
 -53.179338692991976   120.934775860110804     0.001418645563596
 126.820661307008024    59.065224139889203     0.001418645563596
-126.820661307008024    59.065224139889203     0.001418645563596
 126.820661307008024   120.934775860110804     0.001418645563596
-126.820661307008024   120.934775860110804     0.001418645563596
  36.820661307008024    59.065224139889203     0.001418645563596
 143.179338692991990    59.065224139889203     0.001418645563596
  36.820661307008024   120.934775860110804     0.001418645563596
 143.179338692991990   120.934775860110804     0.001418645563596
 -36.820661307008024    59.065224139889203     0.001418645563596
-143.179338692991990    59.065224139889203     0.001418645563596
 -36.820661307008024   120.934775860110804     0.001418645563596
-143.179338692991990   120.934775860110804     0.001418645563596
  45.000000000000000    63.107888613112458     0.001421376741852
  45.000000000000000   116.892111386887535     0.001421376741852
 -45.000000000000000    63.107888613112458     0.001421376741852
 -45.000000000000000   116.892111386887535     0.001421376741852
 135.000000000000000    63.107888613112458     0.001421376741852
 135.000000000000000   116.892111386887535     0.001421376741852
-135.000000000000000    63.107888613112458     0.001421376741852
-135.000000000000000   116.892111386887535     0.001421376741852
  35.649100211012289    50.902634624883689     0.001421376741852
 -35.649100211012289    50.902634624883689     0.001421376741852
  35.649100211012289   129.097365375116311     0.001421376741852
 -35.649100211012289   129.097365375116311     0.001421376741852
 144.350899788987732    50.902634624883689     0.001421376741852
-144.350899788987732    50.902634624883689     0.001421376741852
 144.350899788987732   129.097365375116311     0.001421376741852
-144.350899788987732   129.097365375116311     0.001421376741852
  54.350899788987725    50.902634624883689     0.001421376741852
 125.649100211012296    50.902634624883689     0.001421376741852
  54.350899788987725   129.097365375116311     0.001421376741852
 125.649100211012296   129.097365375116311     0.001421376741852
 -54.350899788987725    50.902634624883689     0.001421376741852
-125.649100211012296    50.902634624883689     0.001421376741852
 -54.350899788987725   129.097365375116311     0.001421376741852
-125.649100211012296   129.097365375116311     0.001421376741852
  45.000000000000000    71.788758086386807     0.001423996475491
  45.000000000000000   108.211241913613208     0.001423996475491
 -45.000000000000000    71.788758086386807     0.001423996475491
 -45.000000000000000   108.211241913613208     0.001423996475491
 135.000000000000000    71.788758086386807     0.001423996475491
 135.000000000000000   108.211241913613208     0.001423996475491
-135.000000000000000    71.788758086386807     0.001423996475491
-135.000000000000000   108.211241913613208     0.001423996475491
  24.951487699711194    47.802494724126817     0.001423996475491
 -24.951487699711194    47.802494724126817     0.001423996475491
  24.951487699711194   132.197505275873169     0.001423996475491
 -24.951487699711194   132.197505275873169     0.001423996475491
 155.048512300288820    47.802494724126817     0.001423996475491
-155.048512300288820    47.802494724126817     0.001423996475491
 155.048512300288820   132.197505275873169     0.001423996475491
-155.048512300288820   132.197505275873169     0.001423996475491
  65.048512300288806    47.802494724126817     0.001423996475491
 114.951487699711194    47.802494724126817     0.001423996475491
  65.048512300288806   132.197505275873169     0.001423996475491
 114.951487699711194   132.197505275873169     0.001423996475491
 -65.048512300288806    47.802494724126817     0.001423996475491
-114.951487699711194    47.802494724126817     0.001423996475491
 -65.048512300288806   132.197505275873169     0.001423996475491
-114.951487699711194   132.197505275873169     0.001423996475491
  45.000000000000000    80.784060274168809     0.001431554042179
  45.000000000000000    99.215939725831205     0.001431554042179
 -45.000000000000000    80.784060274168809     0.001431554042179
 -45.000000000000000    99.215939725831205     0.001431554042179
 135.000000000000000    80.784060274168809     0.001431554042179
 135.000000000000000    99.215939725831205     0.001431554042179
-135.000000000000000    80.784060274168809     0.001431554042179
-135.000000000000000    99.215939725831205     0.001431554042179
  12.923179334573840    45.734895572790620     0.001431554042179
 -12.923179334573840    45.734895572790620     0.001431554042179
  12.923179334573840   134.265104427209394     0.001431554042179
 -12.923179334573840   134.265104427209394     0.001431554042179
 167.076820665426169    45.734895572790620     0.001431554042179
-167.076820665426169    45.734895572790620     0.001431554042179
 167.076820665426169   134.265104427209394     0.001431554042179
-167.076820665426169   134.265104427209394     0.001431554042179
  77.076820665426155    45.734895572790620     0.001431554042179
 102.923179334573859    45.734895572790620     0.001431554042179
  77.076820665426155   134.265104427209394     0.001431554042179
 102.923179334573859   134.265104427209394     0.001431554042179
 -77.076820665426155    45.734895572790620     0.001431554042179
-102.923179334573859    45.734895572790620     0.001431554042179
 -77.076820665426155   134.265104427209394     0.001431554042179
-102.923179334573859   134.265104427209394     0.001431554042179
  81.680870571518213    90.000000000000000     0.000925440149987
 -81.680870571518213    90.000000000000000     0.000925440149987
  98.319129428481801    90.000000000000000     0.000925440149987
 -98.319129428481801    90.000000000000000     0.000925440149987
   8.319129428481787    90.000000000000000     0.000925440149987
  -8.319129428481787    90.000000000000000     0.000925440149987
 171.680870571518199    90.000000000000000     0.000925440149987
-171.680870571518199    90.000000000000000     0.000925440149987
   0.000000000000000     8.319129428481787     0.000925440149987
   0.000000000000000   171.680870571518199     0.000925440149987
 180.000000000000000     8.319129428481787     0.000925440149987
 180.000000000000000   171.680870571518199     0.000925440149987
   0.000000000000000    81.680870571518213     0.000925440149987
   0.000000000000000    98.319129428481801     0.000925440149987
 180.000000000000000    81.680870571518213     0.000925440149987
 180.000000000000000    98.319129428481801     0.000925440149987
  90.000000000000000     8.319129428481787     0.000925440149987
  90.000000000000000   171.680870571518199     0.000925440149987
 -90.000000000000000     8.319129428481787     0.000925440149987
 -90.000000000000000   171.680870571518199     0.000925440149987
  90.000000000000000    81.680870571518213     0.000925440149987
  90.000000000000000    98.319129428481801     0.000925440149987
 -90.000000000000000    81.680870571518213     0.000925440149987
 -90.000000000000000    98.319129428481801     0.000925440149987
  70.182434991149648    90.000000000000000     0.001250239995054
 -70.182434991149648    90.000000000000000     0.001250239995054
 109.817565008850352    90.000000000000000     0.001250239995054
-109.817565008850352    90.000000000000000     0.001250239995054
  19.817565008850362    90.000000000000000     0.001250239995054
 -19.817565008850362    90.000000000000000     0.001250239995054
 160.182434991149648    90.000000000000000     0.001250239995054
-160.182434991149648    90.000000000000000     0.001250239995054
   0.000000000000000    19.817565008850362     0.001250239995054
   0.000000000000000   160.182434991149648     0.001250239995054
 180.000000000000000    19.817565008850362     0.001250239995054
 180.000000000000000   160.182434991149648     0.001250239995054
   0.000000000000000    70.182434991149648     0.001250239995054
   0.000000000000000   109.817565008850352     0.001250239995054
 180.000000000000000    70.182434991149648     0.001250239995054
 180.000000000000000   109.817565008850352     0.001250239995054
  90.000000000000000    19.817565008850362     0.001250239995054
  90.000000000000000   160.182434991149648     0.001250239995054
 -90.000000000000000    19.817565008850362     0.001250239995054
 -90.000000000000000   160.182434991149648     0.001250239995054
  90.000000000000000    70.182434991149648     0.001250239995054
  90.000000000000000   109.817565008850352     0.001250239995054
 -90.000000000000000    70.182434991149648     0.001250239995054
 -90.000000000000000   109.817565008850352     0.001250239995054
  57.752306819858759    90.000000000000000     0.001394365843329
 -57.752306819858759    90.000000000000000     0.001394365843329
 122.247693180141241    90.000000000000000     0.001394365843329
-122.247693180141241    90.000000000000000     0.001394365843329
  32.247693180141248    90.000000000000000     0.001394365843329
 -32.247693180141248    90.000000000000000     0.001394365843329
 147.752306819858774    90.000000000000000     0.001394365843329
-147.752306819858774    90.000000000000000     0.001394365843329
   0.000000000000000    32.247693180141248     0.001394365843329
   0.000000000000000   147.752306819858774     0.001394365843329
 180.000000000000000    32.247693180141248     0.001394365843329
 180.000000000000000   147.752306819858774     0.001394365843329
   0.000000000000000    57.752306819858759     0.001394365843329
   0.000000000000000   122.247693180141241     0.001394365843329
 180.000000000000000    57.752306819858759     0.001394365843329
 180.000000000000000   122.247693180141241     0.001394365843329
  90.000000000000000    32.247693180141248     0.001394365843329
  90.000000000000000   147.752306819858774     0.001394365843329
 -90.000000000000000    32.247693180141248     0.001394365843329
 -90.000000000000000   147.752306819858774     0.001394365843329
  90.000000000000000    57.752306819858759     0.001394365843329
  90.000000000000000   122.247693180141241     0.001394365843329
 -90.000000000000000    57.752306819858759     0.001394365843329
 -90.000000000000000   122.247693180141241     0.001394365843329
  73.572400498502276    14.213887424910546     0.001127089094672
  73.572400498502276   165.786112575089476     0.001127089094672
 -73.572400498502276    14.213887424910546     0.001127089094672
 -73.572400498502276   165.786112575089476     0.001127089094672
 106.427599501497738    14.213887424910546     0.001127089094672
 106.427599501497738   165.786112575089476     0.001127089094672
-106.427599501497738    14.213887424910546     0.001127089094672
-106.427599501497738   165.786112575089476     0.001127089094672
  85.902716639891338    76.377794401401999     0.001127089094672
  85.902716639891338   103.622205598598001     0.001127089094672
 -85.902716639891338    76.377794401401999     0.001127089094672
 -85.902716639891338   103.622205598598001     0.001127089094672
  94.097283360108676    76.377794401401999     0.001127089094672
  94.097283360108676   103.622205598598001     0.001127089094672
 -94.097283360108676    76.377794401401999     0.001127089094672
 -94.097283360108676   103.622205598598001     0.001127089094672
  16.427599501497745    14.213887424910546     0.001127089094672
  16.427599501497745   165.786112575089476     0.001127089094672
 -16.427599501497745    14.213887424910546     0.001127089094672
 -16.427599501497745   165.786112575089476     0.001127089094672
 163.572400498502248    14.213887424910546     0.001127089094672
 163.572400498502248   165.786112575089476     0.001127089094672
-163.572400498502248    14.213887424910546     0.001127089094672
-163.572400498502248   165.786112575089476     0.001127089094672
  76.344194533989636    86.018162676362721     0.001127089094672
  76.344194533989636    93.981837323637279     0.001127089094672
 -76.344194533989636    86.018162676362721     0.001127089094672
 -76.344194533989636    93.981837323637279     0.001127089094672
 103.655805466010378    86.018162676362721     0.001127089094672
 103.655805466010378    93.981837323637279     0.001127089094672
-103.655805466010378    86.018162676362721     0.001127089094672
-103.655805466010378    93.981837323637279     0.001127089094672
   4.097283360108665    76.377794401401999     0.001127089094672
   4.097283360108665   103.622205598598001     0.001127089094672
  -4.097283360108665    76.377794401401999     0.001127089094672
  -4.097283360108665   103.622205598598001     0.001127089094672
 175.902716639891338    76.377794401401999     0.001127089094672
 175.902716639891338   103.622205598598001     0.001127089094672
-175.902716639891338    76.377794401401999     0.001127089094672
-175.902716639891338   103.622205598598001     0.001127089094672
  13.655805466010356    86.018162676362721     0.001127089094672
  13.655805466010356    93.981837323637279     0.001127089094672
 -13.655805466010356    86.018162676362721     0.001127089094672
 -13.655805466010356    93.981837323637279     0.001127089094672
 166.344194533989651    86.018162676362721     0.001127089094672
 166.344194533989651    93.981837323637279     0.001127089094672
-166.344194533989651    86.018162676362721     0.001127089094672
-166.344194533989651    93.981837323637279     0.001127089094672
  61.052088333017451    27.955694476816532     0.001345753760911
  61.052088333017451   152.044305523183482     0.001345753760911
 -61.052088333017451    27.955694476816532     0.001345753760911
 -61.052088333017451   152.044305523183482     0.001345753760911
 118.947911666982563    27.955694476816532     0.001345753760911
 118.947911666982563   152.044305523183482     0.001345753760911
-118.947911666982563    27.955694476816532     0.001345753760911
-118.947911666982563   152.044305523183482     0.001345753760911
  75.593619259439038    65.781454501929332     0.001345753760911
  75.593619259439038   114.218545498070682     0.001345753760911
 -75.593619259439038    65.781454501929332     0.001345753760911
 -75.593619259439038   114.218545498070682     0.001345753760911
 104.406380740560977    65.781454501929332     0.001345753760911
 104.406380740560977   114.218545498070682     0.001345753760911
-104.406380740560977    65.781454501929332     0.001345753760911
-104.406380740560977   114.218545498070682     0.001345753760911
  28.947911666982556    27.955694476816532     0.001345753760911
  28.947911666982556   152.044305523183482     0.001345753760911
 -28.947911666982556    27.955694476816532     0.001345753760911
 -28.947911666982556   152.044305523183482     0.001345753760911
 151.052088333017451    27.955694476816532     0.001345753760911
 151.052088333017451   152.044305523183482     0.001345753760911
-151.052088333017451    27.955694476816532     0.001345753760911
-151.052088333017451   152.044305523183482     0.001345753760911
  65.089368810137657    76.885345629126974     0.001345753760911
  65.089368810137657   103.114654370873026     0.001345753760911
 -65.089368810137657    76.885345629126974     0.001345753760911
 -65.089368810137657   103.114654370873026     0.001345753760911
 114.910631189862357    76.885345629126974     0.001345753760911
 114.910631189862357   103.114654370873026     0.001345753760911
-114.910631189862357    76.885345629126974     0.001345753760911
-114.910631189862357   103.114654370873026     0.001345753760911
  14.406380740560975    65.781454501929332     0.001345753760911
  14.406380740560975   114.218545498070682     0.001345753760911
 -14.406380740560975    65.781454501929332     0.001345753760911
 -14.406380740560975   114.218545498070682     0.001345753760911
 165.593619259439038    65.781454501929332     0.001345753760911
 165.593619259439038   114.218545498070682     0.001345753760911
-165.593619259439038    65.781454501929332     0.001345753760911
-165.593619259439038   114.218545498070682     0.001345753760911
  24.910631189862343    76.885345629126974     0.001345753760911
  24.910631189862343   103.114654370873026     0.001345753760911
 -24.910631189862343    76.885345629126974     0.001345753760911
 -24.910631189862343   103.114654370873026     0.001345753760911
 155.089368810137671    76.885345629126974     0.001345753760911
 155.089368810137671   103.114654370873026     0.001345753760911
-155.089368810137671    76.885345629126974     0.001345753760911
-155.089368810137671   103.114654370873026     0.001345753760911
  82.641163723803118    38.799072732678660     0.001424957283317
  82.641163723803118   141.200927267321333     0.001424957283317
 -82.641163723803118    38.799072732678660     0.001424957283317
 -82.641163723803118   141.200927267321333     0.001424957283317
  97.358836276196897    38.799072732678660     0.001424957283317
  97.358836276196897   141.200927267321333     0.001424957283317
 -97.358836276196897    38.799072732678660     0.001424957283317
 -97.358836276196897   141.200927267321333     0.001424957283317
  84.120517010985864    51.579346308735843     0.001424957283317
  84.120517010985864   128.420653691264164     0.001424957283317
 -84.120517010985864    51.579346308735843     0.001424957283317
 -84.120517010985864   128.420653691264164     0.001424957283317
  95.879482989014136    51.579346308735843     0.001424957283317
  95.879482989014136   128.420653691264164     0.001424957283317
 -95.879482989014136    51.579346308735843     0.001424957283317
 -95.879482989014136   128.420653691264164     0.001424957283317
   7.358836276196869    38.799072732678660     0.001424957283317
   7.358836276196869   141.200927267321333     0.001424957283317
  -7.358836276196869    38.799072732678660     0.001424957283317
  -7.358836276196869   141.200927267321333     0.001424957283317
 172.641163723803146    38.799072732678660     0.001424957283317
 172.641163723803146   141.200927267321333     0.001424957283317
-172.641163723803146    38.799072732678660     0.001424957283317
-172.641163723803146   141.200927267321333     0.001424957283317
  51.432127723919848    85.396733825390513     0.001424957283317
  51.432127723919848    94.603266174609487     0.001424957283317
 -51.432127723919848    85.396733825390513     0.001424957283317
 -51.432127723919848    94.603266174609487     0.001424957283317
 128.567872276080152    85.396733825390513     0.001424957283317
 128.567872276080152    94.603266174609487     0.001424957283317
-128.567872276080152    85.396733825390513     0.001424957283317
-128.567872276080152    94.603266174609487     0.001424957283317
   5.879482989014163    51.579346308735843     0.001424957283317
   5.879482989014163   128.420653691264164     0.001424957283317
  -5.879482989014163    51.579346308735843     0.001424957283317
  -5.879482989014163   128.420653691264164     0.001424957283317
 174.120517010985822    51.579346308735843     0.001424957283317
 174.120517010985822   128.420653691264164     0.001424957283317
-174.120517010985822    51.579346308735843     0.001424957283317
-174.120517010985822   128.420653691264164     0.001424957283317
  38.567872276080152    85.396733825390513     0.001424957283317
  38.567872276080152    94.603266174609487     0.001424957283317
 -38.567872276080152    85.396733825390513     0.001424957283317
 -38.567872276080152    94.603266174609487     0.001424957283317
 141.432127723919876    85.396733825390513     0.001424957283317
 141.432127723919876    94.603266174609487     0.001424957283317
-141.432127723919876    85.396733825390513     0.001424957283317
-141.432127723919876    94.603266174609487     0.001424957283317
  65.660453266983950    20.866189068237428     0.001261523341238
  65.660453266983950   159.133810931762582     0.001261523341238
 -65.660453266983950    20.866189068237428     0.001261523341238
 -65.660453266983950   159.133810931762582     0.001261523341238
 114.339546733016064    20.866189068237428     0.001261523341238
 114.339546733016064   159.133810931762582     0.001261523341238
-114.339546733016064    20.866189068237428     0.001261523341238
-114.339546733016064   159.133810931762582     0.001261523341238
  81.071603805899045    71.062992204743182     0.001261523341238
  81.071603805899045   108.937007795256818     0.001261523341238
 -81.071603805899045    71.062992204743182     0.001261523341238
 -81.071603805899045   108.937007795256818     0.001261523341238
  98.928396194100955    71.062992204743182     0.001261523341238
  98.928396194100955   108.937007795256818     0.001261523341238
 -98.928396194100955    71.062992204743182     0.001261523341238
 -98.928396194100955   108.937007795256818     0.001261523341238
  24.339546733016050    20.866189068237428     0.001261523341238
  24.339546733016050   159.133810931762582     0.001261523341238
 -24.339546733016050    20.866189068237428     0.001261523341238
 -24.339546733016050   159.133810931762582     0.001261523341238
 155.660453266983950    20.866189068237428     0.001261523341238
 155.660453266983950   159.133810931762582     0.001261523341238
-155.660453266983950    20.866189068237428     0.001261523341238
-155.660453266983950   159.133810931762582     0.001261523341238
  70.847548424730235    81.558475605946981     0.001261523341238
  70.847548424730235    98.441524394053019     0.001261523341238
 -70.847548424730235    81.558475605946981     0.001261523341238
 -70.847548424730235    98.441524394053019     0.001261523341238
 109.152451575269765    81.558475605946981     0.001261523341238
 109.152451575269765    98.441524394053019     0.001261523341238
-109.152451575269765    81.558475605946981     0.001261523341238
-109.152451575269765    98.441524394053019     0.001261523341238
   8.928396194100937    71.062992204743182     0.001261523341238
   8.928396194100937   108.937007795256818     0.001261523341238
  -8.928396194100937    71.062992204743182     0.001261523341238
  -8.928396194100937   108.937007795256818     0.001261523341238
 171.071603805899059    71.062992204743182     0.001261523341238
 171.071603805899059   108.937007795256818     0.001261523341238
-171.071603805899059    71.062992204743182     0.001261523341238
-171.071603805899059   108.937007795256818     0.001261523341238
  19.152451575269769    81.558475605946981     0.001261523341238
  19.152451575269769    98.441524394053019     0.001261523341238
 -19.152451575269769    81.558475605946981     0.001261523341238
 -19.152451575269769    98.441524394053019     0.001261523341238
 160.847548424730235    81.558475605946981     0.001261523341238
 160.847548424730235    98.441524394053019     0.001261523341238
-160.847548424730235    81.558475605946981     0.001261523341238
-160.847548424730235    98.441524394053019     0.001261523341238
  73.258878747166108    33.063742047540629     0.001392547106053
  73.258878747166108   146.936257952459357     0.001392547106053
 -73.258878747166108    33.063742047540629     0.001392547106053
 -73.258878747166108   146.936257952459357     0.001392547106053
 106.741121252833892    33.063742047540629     0.001392547106053
 106.741121252833892   146.936257952459357     0.001392547106053
-106.741121252833892    33.063742047540629     0.001392547106053
-106.741121252833892   146.936257952459357     0.001392547106053
  79.379436479403779    58.503383076137673     0.001392547106053
  79.379436479403779   121.496616923862334     0.001392547106053
 -79.379436479403779    58.503383076137673     0.001392547106053
 -79.379436479403779   121.496616923862334     0.001392547106053
 100.620563520596221    58.503383076137673     0.001392547106053
 100.620563520596221   121.496616923862334     0.001392547106053
-100.620563520596221    58.503383076137673     0.001392547106053
-100.620563520596221   121.496616923862334     0.001392547106053
  16.741121252833899    33.063742047540629     0.001392547106053
  16.741121252833899   146.936257952459357     0.001392547106053
 -16.741121252833899    33.063742047540629     0.001392547106053
 -16.741121252833899   146.936257952459357     0.001392547106053
 163.258878747166108    33.063742047540629     0.001392547106053
 163.258878747166108   146.936257952459357     0.001392547106053
-163.258878747166108    33.063742047540629     0.001392547106053
-163.258878747166108   146.936257952459357     0.001392547106053
  58.060633890857460    80.958444369088085     0.001392547106053
  58.060633890857460    99.041555630911915     0.001392547106053
 -58.060633890857460    80.958444369088085     0.001392547106053
 -58.060633890857460    99.041555630911915     0.001392547106053
 121.939366109142554    80.958444369088085     0.001392547106053
 121.939366109142554    99.041555630911915     0.001392547106053
-121.939366109142554    80.958444369088085     0.001392547106053
-121.939366109142554    99.041555630911915     0.001392547106053
  10.620563520596207    58.503383076137673     0.001392547106053
  10.620563520596207   121.496616923862334     0.001392547106053
 -10.620563520596207    58.503383076137673     0.001392547106053
 -10.620563520596207   121.496616923862334     0.001392547106053
 169.379436479403807    58.503383076137673     0.001392547106053
 169.379436479403807   121.496616923862334     0.001392547106053
-169.379436479403807    58.503383076137673     0.001392547106053
-169.379436479403807   121.496616923862334     0.001392547106053
  31.939366109142544    80.958444369088085     0.001392547106053
  31.939366109142544    99.041555630911915     0.001392547106053
 -31.939366109142544    80.958444369088085     0.001392547106053
 -31.939366109142544    99.041555630911915     0.001392547106053
 148.060633890857446    80.958444369088085     0.001392547106053
 148.060633890857446    99.041555630911915     0.001392547106053
-148.060633890857446    80.958444369088085     0.001392547106053
-148.060633890857446    99.041555630911915     0.001392547106053
  68.538516378622020    40.284734882268715     0.001418761677878
  68.538516378622020   139.715265117731263     0.001418761677878
 -68.538516378622020    40.284734882268715     0.001418761677878
 -68.538516378622020   139.715265117731263     0.001418761677878
 111.461483621377980    40.284734882268715     0.001418761677878
 111.461483621377980   139.715265117731263     0.001418761677878
-111.461483621377980    40.284734882268715     0.001418761677878
-111.461483621377980   139.715265117731263     0.001418761677878
  72.770417078270512    53.004330210735581     0.001418761677878
  72.770417078270512   126.995669789264426     0.001418761677878
 -72.770417078270512    53.004330210735581     0.001418761677878
 -72.770417078270512   126.995669789264426     0.001418761677878
 107.229582921729488    53.004330210735581     0.001418761677878
 107.229582921729488   126.995669789264426     0.001418761677878
-107.229582921729488    53.004330210735581     0.001418761677878
-107.229582921729488   126.995669789264426     0.001418761677878
  21.461483621377976    40.284734882268715     0.001418761677878
  21.461483621377976   139.715265117731263     0.001418761677878
 -21.461483621377976    40.284734882268715     0.001418761677878
 -21.461483621377976   139.715265117731263     0.001418761677878
 158.538516378622035    40.284734882268715     0.001418761677878
 158.538516378622035   139.715265117731263     0.001418761677878
-158.538516378622035    40.284734882268715     0.001418761677878
-158.538516378622035   139.715265117731263     0.001418761677878
  51.732420525843096    76.315795364896928     0.001418761677878
  51.732420525843096   103.684204635103072     0.001418761677878
 -51.732420525843096    76.315795364896928     0.001418761677878
 -51.732420525843096   103.684204635103072     0.001418761677878
 128.267579474156918    76.315795364896928     0.001418761677878
 128.267579474156918   103.684204635103072     0.001418761677878
-128.267579474156918    76.315795364896928     0.001418761677878
-128.267579474156918   103.684204635103072     0.001418761677878
  17.229582921729484    53.004330210735581     0.001418761677878
  17.229582921729484   126.995669789264426     0.001418761677878
 -17.229582921729484    53.004330210735581     0.001418761677878
 -17.229582921729484   126.995669789264426     0.001418761677878
 162.770417078270526    53.004330210735581     0.001418761677878
 162.770417078270526   126.995669789264426     0.001418761677878
-162.770417078270526    53.004330210735581     0.001418761677878
-162.770417078270526   126.995669789264426     0.001418761677878
  38.267579474156911    76.315795364896928     0.001418761677878
  38.267579474156911   103.684204635103072     0.001418761677878
 -38.267579474156911    76.315795364896928     0.001418761677878
 -38.267579474156911   103.684204635103072     0.001418761677878
 141.732420525843111    76.315795364896928     0.001418761677878
 141.732420525843111   103.684204635103072     0.001418761677878
-141.732420525843111    76.315795364896928     0.001418761677878
-141.732420525843111   103.684204635103072     0.001418761677878
  79.935285171156309    26.196500249868869     0.001338366684480
  79.935285171156309   153.803499750131152     0.001338366684480
 -79.935285171156309    26.196500249868869     0.001338366684480
 -79.935285171156309   153.803499750131152     0.001338366684480
 100.064714828843691    26.196500249868869     0.001338366684480
 100.064714828843691   153.803499750131152     0.001338366684480
-100.064714828843691    26.196500249868869     0.001338366684480
-100.064714828843691   153.803499750131152     0.001338366684480
  85.085822160716049    64.236494640139739     0.001338366684480
  85.085822160716049   115.763505359860261     0.001338366684480
 -85.085822160716049    64.236494640139739     0.001338366684480
 -85.085822160716049   115.763505359860261     0.001338366684480
  94.914177839283965    64.236494640139739     0.001338366684480
  94.914177839283965   115.763505359860261     0.001338366684480
 -94.914177839283965    64.236494640139739     0.001338366684480
 -94.914177839283965   115.763505359860261     0.001338366684480
  10.064714828843680    26.196500249868869     0.001338366684480
  10.064714828843680   153.803499750131152     0.001338366684480
 -10.064714828843680    26.196500249868869     0.001338366684480
 -10.064714828843680   153.803499750131152     0.001338366684480
 169.935285171156323    26.196500249868869     0.001338366684480
 169.935285171156323   153.803499750131152     0.001338366684480
-169.935285171156323    26.196500249868869     0.001338366684480
-169.935285171156323   153.803499750131152     0.001338366684480
  64.153803981490881    85.575339542764581     0.001338366684480
  64.153803981490881    94.424660457235419     0.001338366684480
 -64.153803981490881    85.575339542764581     0.001338366684480
 -64.153803981490881    94.424660457235419     0.001338366684480
 115.846196018509119    85.575339542764581     0.001338366684480
 115.846196018509119    94.424660457235419     0.001338366684480
-115.846196018509119    85.575339542764581     0.001338366684480
-115.846196018509119    94.424660457235419     0.001338366684480
   4.914177839283978    64.236494640139739     0.001338366684480
   4.914177839283978   115.763505359860261     0.001338366684480
  -4.914177839283978    64.236494640139739     0.001338366684480
  -4.914177839283978   115.763505359860261     0.001338366684480
 175.085822160716020    64.236494640139739     0.001338366684480
 175.085822160716020   115.763505359860261     0.001338366684480
-175.085822160716020    64.236494640139739     0.001338366684480
-175.085822160716020   115.763505359860261     0.001338366684480
  25.846196018509133    85.575339542764581     0.001338366684480
  25.846196018509133    94.424660457235419     0.001338366684480
 -25.846196018509133    85.575339542764581     0.001338366684480
 -25.846196018509133    94.424660457235419     0.001338366684480
 154.153803981490881    85.575339542764581     0.001338366684480
 154.153803981490881    94.424660457235419     0.001338366684480
-154.153803981490881    85.575339542764581     0.001338366684480
-154.153803981490881    94.424660457235419     0.001338366684480
  58.037274397313304    35.352354893194828     0.001393700862676
  58.037274397313304   144.647645106805186     0.001393700862676
 -58.037274397313304    35.352354893194828     0.001393700862676
 -58.037274397313304   144.647645106805186     0.001393700862676
 121.962725602686703    35.352354893194828     0.001393700862676
 121.962725602686703   144.647645106805186     0.001393700862676
-121.962725602686703    35.352354893194828     0.001393700862676
-121.962725602686703   144.647645106805186     0.001393700862676
  69.416847972365687    60.601387293993689     0.001393700862676
  69.416847972365687   119.398612706006304     0.001393700862676
 -69.416847972365687    60.601387293993689     0.001393700862676
 -69.416847972365687   119.398612706006304     0.001393700862676
 110.583152027634327    60.601387293993689     0.001393700862676
 110.583152027634327   119.398612706006304     0.001393700862676
-110.583152027634327    60.601387293993689     0.001393700862676
-110.583152027634327   119.398612706006304     0.001393700862676
  31.962725602686699    35.352354893194828     0.001393700862676
  31.962725602686699   144.647645106805186     0.001393700862676
 -31.962725602686699    35.352354893194828     0.001393700862676
 -31.962725602686699   144.647645106805186     0.001393700862676
 148.037274397313297    35.352354893194828     0.001393700862676
 148.037274397313297   144.647645106805186     0.001393700862676
-148.037274397313297    35.352354893194828     0.001393700862676
-148.037274397313297   144.647645106805186     0.001393700862676
  58.957942625851196    72.163989075882341     0.001393700862676
  58.957942625851196   107.836010924117659     0.001393700862676
 -58.957942625851196    72.163989075882341     0.001393700862676
 -58.957942625851196   107.836010924117659     0.001393700862676
 121.042057374148825    72.163989075882341     0.001393700862676
 121.042057374148825   107.836010924117659     0.001393700862676
-121.042057374148825    72.163989075882341     0.001393700862676
-121.042057374148825   107.836010924117659     0.001393700862676
  20.583152027634327    60.601387293993689     0.001393700862676
  20.583152027634327   119.398612706006304     0.001393700862676
 -20.583152027634327    60.601387293993689     0.001393700862676
 -20.583152027634327   119.398612706006304     0.001393700862676
 159.416847972365673    60.601387293993689     0.001393700862676
 159.416847972365673   119.398612706006304     0.001393700862676
-159.416847972365673    60.601387293993689     0.001393700862676
-159.416847972365673   119.398612706006304     0.001393700862676
  31.042057374148811    72.163989075882341     0.001393700862676
  31.042057374148811   107.836010924117659     0.001393700862676
 -31.042057374148811    72.163989075882341     0.001393700862676
 -31.042057374148811   107.836010924117659     0.001393700862676
 148.957942625851217    72.163989075882341     0.001393700862676
 148.957942625851217   107.836010924117659     0.001393700862676
-148.957942625851217    72.163989075882341     0.001393700862676
-148.957942625851217   107.836010924117659     0.001393700862676
  55.914094275753087    43.004444697924917     0.001415914757467
  55.914094275753087   136.995555302075104     0.001415914757467
 -55.914094275753087    43.004444697924917     0.001415914757467
 -55.914094275753087   136.995555302075104     0.001415914757467
 124.085905724246913    43.004444697924917     0.001415914757467
 124.085905724246913   136.995555302075104     0.001415914757467
-124.085905724246913    43.004444697924917     0.001415914757467
-124.085905724246913   136.995555302075104     0.001415914757467
  62.404127520708641    55.606262445026218     0.001415914757467
  62.404127520708641   124.393737554973782     0.001415914757467
 -62.404127520708641    55.606262445026218     0.001415914757467
 -62.404127520708641   124.393737554973782     0.001415914757467
 117.595872479291373    55.606262445026218     0.001415914757467
 117.595872479291373   124.393737554973782     0.001415914757467
-117.595872479291373    55.606262445026218     0.001415914757467
-117.595872479291373   124.393737554973782     0.001415914757467
  34.085905724246913    43.004444697924917     0.001415914757467
  34.085905724246913   136.995555302075104     0.001415914757467
 -34.085905724246913    43.004444697924917     0.001415914757467
 -34.085905724246913   136.995555302075104     0.001415914757467
 145.914094275753087    43.004444697924917     0.001415914757467
 145.914094275753087   136.995555302075104     0.001415914757467
-145.914094275753087    43.004444697924917     0.001415914757467
-145.914094275753087   136.995555302075104     0.001415914757467
  52.316516772734907    67.527017607105392     0.001415914757467
  52.316516772734907   112.472982392894608     0.001415914757467
 -52.316516772734907    67.527017607105392     0.001415914757467
 -52.316516772734907   112.472982392894608     0.001415914757467
 127.683483227265086    67.527017607105392     0.001415914757467
 127.683483227265086   112.472982392894608     0.001415914757467
-127.683483227265086    67.527017607105392     0.001415914757467
-127.683483227265086   112.472982392894608     0.001415914757467
  27.595872479291362    55.606262445026218     0.001415914757467
  27.595872479291362   124.393737554973782     0.001415914757467
 -27.595872479291362    55.606262445026218     0.001415914757467
 -27.595872479291362   124.393737554973782     0.001415914757467
 152.404127520708641    55.606262445026218     0.001415914757467
 152.404127520708641   124.393737554973782     0.001415914757467
-152.404127520708641    55.606262445026218     0.001415914757467
-152.404127520708641   124.393737554973782     0.001415914757467
  37.683483227265093    67.527017607105392     0.001415914757467
  37.683483227265093   112.472982392894608     0.001415914757467
 -37.683483227265093    67.527017607105392     0.001415914757467
 -37.683483227265093   112.472982392894608     0.001415914757467
 142.316516772734900    67.527017607105392     0.001415914757467
 142.316516772734900   112.472982392894608     0.001415914757467
-142.316516772734900    67.527017607105392     0.001415914757467
-142.316516772734900   112.472982392894608     0.001415914757467
