   0.000000000000000    90.000000000000000    -0.001313769127327
 180.000000000000000    90.000000000000000    -0.001313769127327
  90.000000000000000    90.000000000000000    -0.001313769127327
 -90.000000000000000    90.000000000000000    -0.001313769127327
  90.000000000000000     0.000000000000000    -0.001313769127327
  90.000000000000000   180.000000000000000    -0.001313769127327
  90.000000000000000    45.000000000000000    -0.002522728704859
  90.000000000000000   135.000000000000000    -0.002522728704859
 -90.000000000000000    45.000000000000000    -0.002522728704859
 -90.000000000000000   135.000000000000000    -0.002522728704859
   0.000000000000000    45.000000000000000    -0.002522728704859
   0.000000000000000   135.000000000000000    -0.002522728704859
 180.000000000000000    45.000000000000000    -0.002522728704859
 180.000000000000000   135.000000000000000    -0.002522728704859
  45.000000000000000    90.000000000000000    -0.002522728704859
 -45.000000000000000    90.000000000000000    -0.002522728704859
 135.000000000000000    90.000000000000000    -0.002522728704859
-135.000000000000000    90.000000000000000    -0.002522728704859
  45.000000000000000    54.735610317245346     0.004186853881701
  45.000000000000000   125.264389682754654     0.004186853881701
 -45.000000000000000    54.735610317245346     0.004186853881701
 -45.000000000000000   125.264389682754654     0.004186853881701
 135.000000000000000    54.735610317245346     0.004186853881701
 135.000000000000000   125.264389682754654     0.004186853881701
-135.000000000000000    54.735610317245346     0.004186853881701
-135.000000000000000   125.264389682754654     0.004186853881701
  45.000000000000000    84.573136630975881     0.005315167977811
  45.000000000000000    95.426863369024133     0.005315167977811
 -45.000000000000000    84.573136630975881     0.005315167977811
 -45.000000000000000    95.426863369024133     0.005315167977811
 135.000000000000000    84.573136630975881     0.005315167977811
 135.000000000000000    95.426863369024133     0.005315167977811
-135.000000000000000    84.573136630975881     0.005315167977811
-135.000000000000000    95.426863369024133     0.005315167977811
   7.651956493824845    45.256242893274354     0.005315167977811
  -7.651956493824845    45.256242893274354     0.005315167977811
   7.651956493824845   134.743757106725667     0.005315167977811
  -7.651956493824845   134.743757106725667     0.005315167977811
 172.348043506175173    45.256242893274354     0.005315167977811
-172.348043506175173    45.256242893274354     0.005315167977811
 172.348043506175173   134.743757106725667     0.005315167977811
-172.348043506175173   134.743757106725667     0.005315167977811
  82.348043506175173    45.256242893274354     0.005315167977811
  97.651956493824841    45.256242893274354     0.005315167977811
  82.348043506175173   134.743757106725667     0.005315167977811
  97.651956493824841   134.743757106725667     0.005315167977811
 -82.348043506175173    45.256242893274354     0.005315167977811
 -97.651956493824841    45.256242893274354     0.005315167977811
 -82.348043506175173   134.743757106725667     0.005315167977811
 -97.651956493824841   134.743757106725667     0.005315167977811
  45.000000000000000     8.232644256840850     0.004047142377086
  45.000000000000000   171.767355743159158     0.004047142377086
 -45.000000000000000     8.232644256840850     0.004047142377086
 -45.000000000000000   171.767355743159158     0.004047142377086
 135.000000000000000     8.232644256840850     0.004047142377086
 135.000000000000000   171.767355743159158     0.004047142377086
-135.000000000000000     8.232644256840850     0.004047142377086
-135.000000000000000   171.767355743159158     0.004047142377086
  84.158569026646319    84.188693257539413     0.004047142377086
 -84.158569026646319    84.188693257539413     0.004047142377086
  84.158569026646319    95.811306742460602     0.004047142377086
 -84.158569026646319    95.811306742460602     0.004047142377086
  95.841430973353695    84.188693257539413     0.004047142377086
 -95.841430973353695    84.188693257539413     0.004047142377086
  95.841430973353695    95.811306742460602     0.004047142377086
 -95.841430973353695    95.811306742460602     0.004047142377086
   5.841430973353693    84.188693257539413     0.004047142377086
 174.158569026646290    84.188693257539413     0.004047142377086
   5.841430973353693    95.811306742460602     0.004047142377086
 174.158569026646290    95.811306742460602     0.004047142377086
  -5.841430973353693    84.188693257539413     0.004047142377086
-174.158569026646290    84.188693257539413     0.004047142377086
  -5.841430973353693    95.811306742460602     0.004047142377086
-174.158569026646290    95.811306742460602     0.004047142377086
  45.000000000000000    41.090363975058338     0.004112482394407
  45.000000000000000   138.909636024941676     0.004112482394407
 -45.000000000000000    41.090363975058338     0.004112482394407
 -45.000000000000000   138.909636024941676     0.004112482394407
 135.000000000000000    41.090363975058338     0.004112482394407
 135.000000000000000   138.909636024941676     0.004112482394407
-135.000000000000000    41.090363975058338     0.004112482394407
-135.000000000000000   138.909636024941676     0.004112482394407
  58.340390296890199    62.306288103920132     0.004112482394407
 -58.340390296890199    62.306288103920132     0.004112482394407
  58.340390296890199   117.693711896079890     0.004112482394407
 -58.340390296890199   117.693711896079890     0.004112482394407
 121.659609703109794    62.306288103920132     0.004112482394407
-121.659609703109794    62.306288103920132     0.004112482394407
 121.659609703109794   117.693711896079890     0.004112482394407
-121.659609703109794   117.693711896079890     0.004112482394407
  31.659609703109808    62.306288103920132     0.004112482394407
 148.340390296890206    62.306288103920132     0.004112482394407
  31.659609703109808   117.693711896079890     0.004112482394407
 148.340390296890206   117.693711896079890     0.004112482394407
 -31.659609703109808    62.306288103920132     0.004112482394407
-148.340390296890206    62.306288103920132     0.004112482394407
 -31.659609703109808   117.693711896079890     0.004112482394407
-148.340390296890206   117.693711896079890     0.004112482394407
  45.000000000000000    27.613011482424508     0.003595584899759
  45.000000000000000   152.386988517575503     0.003595584899759
 -45.000000000000000    27.613011482424508     0.003595584899759
 -45.000000000000000   152.386988517575503     0.003595584899759
 135.000000000000000    27.613011482424508     0.003595584899759
 135.000000000000000   152.386988517575503     0.003595584899759
-135.000000000000000    27.613011482424508     0.003595584899759
-135.000000000000000   152.386988517575503     0.003595584899759
  69.702028590969292    70.868214772958126     0.003595584899759
 -69.702028590969292    70.868214772958126     0.003595584899759
  69.702028590969292   109.131785227041874     0.003595584899759
 -69.702028590969292   109.131785227041874     0.003595584899759
 110.297971409030708    70.868214772958126     0.003595584899759
-110.297971409030708    70.868214772958126     0.003595584899759
 110.297971409030708   109.131785227041874     0.003595584899759
-110.297971409030708   109.131785227041874     0.003595584899759
  20.297971409030705    70.868214772958126     0.003595584899759
 159.702028590969292    70.868214772958126     0.003595584899759
  20.297971409030705   109.131785227041874     0.003595584899759
 159.702028590969292   109.131785227041874     0.003595584899759
 -20.297971409030705    70.868214772958126     0.003595584899759
-159.702028590969292    70.868214772958126     0.003595584899759
 -20.297971409030705   109.131785227041874     0.003595584899759
-159.702028590969292   109.131785227041874     0.003595584899759
  45.000000000000000    69.432224636062358     0.004256131351428
  45.000000000000000   110.567775363937656     0.004256131351428
 -45.000000000000000    69.432224636062358     0.004256131351428
 -45.000000000000000   110.567775363937656     0.004256131351428
 135.000000000000000    69.432224636062358     0.004256131351428
 135.000000000000000   110.567775363937656     0.004256131351428
-135.000000000000000    69.432224636062358     0.004256131351428
-135.000000000000000   110.567775363937656     0.004256131351428
  27.953120037710509    48.544827922667096     0.004256131351428
 -27.953120037710509    48.544827922667096     0.004256131351428
  27.953120037710509   131.455172077332918     0.004256131351428
 -27.953120037710509   131.455172077332918     0.004256131351428
 152.046879962289495    48.544827922667096     0.004256131351428
-152.046879962289495    48.544827922667096     0.004256131351428
 152.046879962289495   131.455172077332918     0.004256131351428
-152.046879962289495   131.455172077332918     0.004256131351428
  62.046879962289502    48.544827922667096     0.004256131351428
 117.953120037710534    48.544827922667096     0.004256131351428
  62.046879962289502   131.455172077332918     0.004256131351428
 117.953120037710534   131.455172077332918     0.004256131351428
 -62.046879962289502    48.544827922667096     0.004256131351428
-117.953120037710534    48.544827922667096     0.004256131351428
 -62.046879962289502   131.455172077332918     0.004256131351428
-117.953120037710534   131.455172077332918     0.004256131351428
  31.717474411461009    90.000000000000000     0.004229582700647
 -31.717474411461009    90.000000000000000     0.004229582700647
 148.282525588538988    90.000000000000000     0.004229582700647
-148.282525588538988    90.000000000000000     0.004229582700647
  58.282525588538995    90.000000000000000     0.004229582700647
 -58.282525588538995    90.000000000000000     0.004229582700647
 121.717474411461026    90.000000000000000     0.004229582700647
-121.717474411461026    90.000000000000000     0.004229582700647
   0.000000000000000    58.282525588538995     0.004229582700647
   0.000000000000000   121.717474411461026     0.004229582700647
 180.000000000000000    58.282525588538995     0.004229582700647
 180.000000000000000   121.717474411461026     0.004229582700647
   0.000000000000000    31.717474411461009     0.004229582700647
   0.000000000000000   148.282525588538988     0.004229582700647
 180.000000000000000    31.717474411461009     0.004229582700647
 180.000000000000000   148.282525588538988     0.004229582700647
  90.000000000000000    58.282525588538995     0.004229582700647
  90.000000000000000   121.717474411461026     0.004229582700647
 -90.000000000000000    58.282525588538995     0.004229582700647
 -90.000000000000000   121.717474411461026     0.004229582700647
  90.000000000000000    31.717474411461009     0.004229582700647
  90.000000000000000   148.282525588538988     0.004229582700647
 -90.000000000000000    31.717474411461009     0.004229582700647
 -90.000000000000000   148.282525588538988     0.004229582700647
  19.627042769722475    20.077701078300993     0.004080914225781
  19.627042769722475   159.922298921699024     0.004080914225781
 -19.627042769722475    20.077701078300993     0.004080914225781
 -19.627042769722475   159.922298921699024     0.004080914225781
 160.372957230277535    20.077701078300993     0.004080914225781
 160.372957230277535   159.922298921699024     0.004080914225781
-160.372957230277535    20.077701078300993     0.004080914225781
-160.372957230277535   159.922298921699024     0.004080914225781
  71.002926353127322    83.378425029052067     0.004080914225781
  71.002926353127322    96.621574970947933     0.004080914225781
 -71.002926353127322    83.378425029052067     0.004080914225781
 -71.002926353127322    96.621574970947933     0.004080914225781
 108.997073646872678    83.378425029052067     0.004080914225781
 108.997073646872678    96.621574970947933     0.004080914225781
-108.997073646872678    83.378425029052067     0.004080914225781
-108.997073646872678    96.621574970947933     0.004080914225781
  70.372957230277535    20.077701078300993     0.004080914225781
  70.372957230277535   159.922298921699024     0.004080914225781
 -70.372957230277535    20.077701078300993     0.004080914225781
 -70.372957230277535   159.922298921699024     0.004080914225781
 109.627042769722479    20.077701078300993     0.004080914225781
 109.627042769722479   159.922298921699024     0.004080914225781
-109.627042769722479    20.077701078300993     0.004080914225781
-109.627042769722479   159.922298921699024     0.004080914225781
  83.000690386223170    71.134453422265665     0.004080914225781
  83.000690386223170   108.865546577734335     0.004080914225781
 -83.000690386223170    71.134453422265665     0.004080914225781
 -83.000690386223170   108.865546577734335     0.004080914225781
  96.999309613776845    71.134453422265665     0.004080914225781
  96.999309613776845   108.865546577734335     0.004080914225781
 -96.999309613776845    71.134453422265665     0.004080914225781
 -96.999309613776845   108.865546577734335     0.004080914225781
  18.997073646872686    83.378425029052067     0.004080914225781
  18.997073646872686    96.621574970947933     0.004080914225781
 -18.997073646872686    83.378425029052067     0.004080914225781
 -18.997073646872686    96.621574970947933     0.004080914225781
 161.002926353127322    83.378425029052067     0.004080914225781
 161.002926353127322    96.621574970947933     0.004080914225781
-161.002926353127322    83.378425029052067     0.004080914225781
-161.002926353127322    96.621574970947933     0.004080914225781
   6.999309613776851    71.134453422265665     0.004080914225781
   6.999309613776851   108.865546577734335     0.004080914225781
  -6.999309613776851    71.134453422265665     0.004080914225781
  -6.999309613776851   108.865546577734335     0.004080914225781
 173.000690386223170    71.134453422265665     0.004080914225781
 173.000690386223170   108.865546577734335     0.004080914225781
-173.000690386223170    71.134453422265665     0.004080914225781
-173.000690386223170   108.865546577734335     0.004080914225781
  66.186317500923778    34.980881629085800     0.004071467593831
  66.186317500923778   145.019118370914214     0.004071467593831
 -66.186317500923778    34.980881629085800     0.004071467593831
 -66.186317500923778   145.019118370914214     0.004071467593831
 113.813682499076222    34.980881629085800     0.004071467593831
 113.813682499076222   145.019118370914214     0.004071467593831
-113.813682499076222    34.980881629085800     0.004071467593831
-113.813682499076222   145.019118370914214     0.004071467593831
  74.224074467887689    58.365819281757311     0.004071467593831
  74.224074467887689   121.634180718242689     0.004071467593831
 -74.224074467887689    58.365819281757311     0.004071467593831
 -74.224074467887689   121.634180718242689     0.004071467593831
 105.775925532112325    58.365819281757311     0.004071467593831
 105.775925532112325   121.634180718242689     0.004071467593831
-105.775925532112325    58.365819281757311     0.004071467593831
-105.775925532112325   121.634180718242689     0.004071467593831
  23.813682499076215    34.980881629085800     0.004071467593831
  23.813682499076215   145.019118370914214     0.004071467593831
 -23.813682499076215    34.980881629085800     0.004071467593831
 -23.813682499076215   145.019118370914214     0.004071467593831
 156.186317500923792    34.980881629085800     0.004071467593831
 156.186317500923792   145.019118370914214     0.004071467593831
-156.186317500923792    34.980881629085800     0.004071467593831
-156.186317500923792   145.019118370914214     0.004071467593831
  57.375094155237562    76.615836760837851     0.004071467593831
  57.375094155237562   103.384163239162163     0.004071467593831
 -57.375094155237562    76.615836760837851     0.004071467593831
 -57.375094155237562   103.384163239162163     0.004071467593831
 122.624905844762438    76.615836760837851     0.004071467593831
 122.624905844762438   103.384163239162163     0.004071467593831
-122.624905844762438    76.615836760837851     0.004071467593831
-122.624905844762438   103.384163239162163     0.004071467593831
  15.775925532112312    58.365819281757311     0.004071467593831
  15.775925532112312   121.634180718242689     0.004071467593831
 -15.775925532112312    58.365819281757311     0.004071467593831
 -15.775925532112312   121.634180718242689     0.004071467593831
 164.224074467887704    58.365819281757311     0.004071467593831
 164.224074467887704   121.634180718242689     0.004071467593831
-164.224074467887704    58.365819281757311     0.004071467593831
-164.224074467887704   121.634180718242689     0.004071467593831
  32.624905844762452    76.615836760837851     0.004071467593831
  32.624905844762452   103.384163239162163     0.004071467593831
 -32.624905844762452    76.615836760837851     0.004071467593831
 -32.624905844762452   103.384163239162163     0.004071467593831
 147.375094155237576    76.615836760837851     0.004071467593831
 147.375094155237576   103.384163239162163     0.004071467593831
-147.375094155237576    76.615836760837851     0.004071467593831
-147.375094155237576   103.384163239162163     0.004071467593831
