   0.000000000000000    90.000000000000000     0.066666666666667
 180.000000000000000    90.000000000000000     0.066666666666667
  90.000000000000000    90.000000000000000     0.066666666666667
 -90.000000000000000    90.000000000000000     0.066666666666667
  90.000000000000000     0.000000000000000     0.066666666666667
  90.000000000000000   180.000000000000000     0.066666666666667
  45.000000000000000    54.735610317245346     0.075000000000000
  45.000000000000000   125.264389682754654     0.075000000000000
 -45.000000000000000    54.735610317245346     0.075000000000000
 -45.000000000000000   125.264389682754654     0.075000000000000
 135.000000000000000    54.735610317245346     0.075000000000000
 135.000000000000000   125.264389682754654     0.075000000000000
-135.000000000000000    54.735610317245346     0.075000000000000
-135.000000000000000   125.264389682754654     0.075000000000000
