   0.000000000000000    90.000000000000000     0.009523809523810
 180.000000000000000    90.000000000000000     0.009523809523810
  90.000000000000000    90.000000000000000     0.009523809523810
 -90.000000000000000    90.000000000000000     0.009523809523810
  90.000000000000000     0.000000000000000     0.009523809523810
  90.000000000000000   180.000000000000000     0.009523809523810
  45.000000000000000    54.735610317245346     0.032142857142857
  45.000000000000000   125.264389682754654     0.032142857142857
 -45.000000000000000    54.735610317245346     0.032142857142857
 -45.000000000000000   125.264389682754654     0.032142857142857
 135.000000000000000    54.735610317245346     0.032142857142857
 135.000000000000000   125.264389682754654     0.032142857142857
-135.000000000000000    54.735610317245346     0.032142857142857
-135.000000000000000   125.264389682754654     0.032142857142857
  62.632194841377327    90.000000000000000     0.028571428571429
 -62.632194841377327    90.000000000000000     0.028571428571429
 117.367805158622687    90.000000000000000     0.028571428571429
-117.367805158622687    90.000000000000000     0.028571428571429
  27.367805158622673    90.000000000000000     0.028571428571429
 -27.367805158622673    90.000000000000000     0.028571428571429
 152.632194841377355    90.000000000000000     0.028571428571429
-152.632194841377355    90.000000000000000     0.028571428571429
   0.000000000000000    27.367805158622673     0.028571428571429
   0.000000000000000   152.632194841377355     0.028571428571429
 180.000000000000000    27.367805158622673     0.028571428571429
 180.000000000000000   152.632194841377355     0.028571428571429
   0.000000000000000    62.632194841377327     0.028571428571429
   0.000000000000000   117.367805158622687     0.028571428571429
 180.000000000000000    62.632194841377327     0.028571428571429
 180.000000000000000   117.367805158622687     0.028571428571429
  90.000000000000000    27.367805158622673     0.028571428571429
  90.000000000000000   152.632194841377355     0.028571428571429
 -90.000000000000000    27.367805158622673     0.028571428571429
 -90.000000000000000   152.632194841377355     0.028571428571429
  90.000000000000000    62.632194841377327     0.028571428571429
  90.000000000000000   117.367805158622687     0.028571428571429
 -90.000000000000000    62.632194841377327     0.028571428571429
 -90.000000000000000   117.367805158622687     0.028571428571429
