   0.000000000000000    90.000000000000000     0.000526589796822
 180.000000000000000    90.000000000000000     0.000526589796822
  90.000000000000000    90.000000000000000     0.000526589796822
 -90.000000000000000    90.000000000000000     0.000526589796822
  90.000000000000000     0.000000000000000     0.000526589796822
  90.000000000000000   180.000000000000000     0.000526589796822
  90.000000000000000    45.000000000000000     0.002548219972003
  90.000000000000000   135.000000000000000     0.002548219972003
 -90.000000000000000    45.000000000000000     0.002548219972003
 -90.000000000000000   135.000000000000000     0.002548219972003
   0.000000000000000    45.000000000000000     0.002548219972003
   0.000000000000000   135.000000000000000     0.002548219972003
 180.000000000000000    45.000000000000000     0.002548219972003
 180.000000000000000   135.000000000000000     0.002548219972003
  45.000000000000000    90.000000000000000     0.002548219972003
 -45.000000000000000    90.000000000000000     0.002548219972003
 135.000000000000000    90.000000000000000     0.002548219972003
-135.000000000000000    90.000000000000000     0.002548219972003
  45.000000000000000    54.735610317245346     0.002512317418927
  45.000000000000000   125.264389682754654     0.002512317418927
 -45.000000000000000    54.735610317245346     0.002512317418927
 -45.000000000000000   125.264389682754654     0.002512317418927
 135.000000000000000    54.735610317245346     0.002512317418927
 135.000000000000000   125.264389682754654     0.002512317418927
-135.000000000000000    54.735610317245346     0.002512317418927
-135.000000000000000   125.264389682754654     0.002512317418927
  45.000000000000000    77.722491805584369     0.002530403801186
  45.000000000000000   102.277508194415645     0.002530403801186
 -45.000000000000000    77.722491805584369     0.002530403801186
 -45.000000000000000   102.277508194415645     0.002530403801186
 135.000000000000000    77.722491805584369     0.002530403801186
 135.000000000000000   102.277508194415645     0.002530403801186
-135.000000000000000    77.722491805584369     0.002530403801186
-135.000000000000000   102.277508194415645     0.002530403801186
  17.106634242424086    46.295861402255355     0.002530403801186
 -17.106634242424086    46.295861402255355     0.002530403801186
  17.106634242424086   133.704138597744645     0.002530403801186
 -17.106634242424086   133.704138597744645     0.002530403801186
 162.893365757575936    46.295861402255355     0.002530403801186
-162.893365757575936    46.295861402255355     0.002530403801186
 162.893365757575936   133.704138597744645     0.002530403801186
-162.893365757575936   133.704138597744645     0.002530403801186
  72.893365757575921    46.295861402255355     0.002530403801186
 107.106634242424093    46.295861402255355     0.002530403801186
  72.893365757575921   133.704138597744645     0.002530403801186
 107.106634242424093   133.704138597744645     0.002530403801186
 -72.893365757575921    46.295861402255355     0.002530403801186
-107.106634242424093    46.295861402255355     0.002530403801186
 -72.893365757575921   133.704138597744645     0.002530403801186
-107.106634242424093   133.704138597744645     0.002530403801186
  45.000000000000000    14.536678456718485     0.002014279020919
  45.000000000000000   165.463321543281523     0.002014279020919
 -45.000000000000000    14.536678456718485     0.002014279020919
 -45.000000000000000   165.463321543281523     0.002014279020919
 135.000000000000000    14.536678456718485     0.002014279020919
 135.000000000000000   165.463321543281523     0.002014279020919
-135.000000000000000    14.536678456718485     0.002014279020919
-135.000000000000000   165.463321543281523     0.002014279020919
  79.610037357090533    79.776778881229319     0.002014279020919
 -79.610037357090533    79.776778881229319     0.002014279020919
  79.610037357090533   100.223221118770695     0.002014279020919
 -79.610037357090533   100.223221118770695     0.002014279020919
 100.389962642909481    79.776778881229319     0.002014279020919
-100.389962642909481    79.776778881229319     0.002014279020919
 100.389962642909481   100.223221118770695     0.002014279020919
-100.389962642909481   100.223221118770695     0.002014279020919
  10.389962642909463    79.776778881229319     0.002014279020919
 169.610037357090533    79.776778881229319     0.002014279020919
  10.389962642909463   100.223221118770695     0.002014279020919
 169.610037357090533   100.223221118770695     0.002014279020919
 -10.389962642909463    79.776778881229319     0.002014279020919
-169.610037357090533    79.776778881229319     0.002014279020919
 -10.389962642909463   100.223221118770695     0.002014279020919
-169.610037357090533   100.223221118770695     0.002014279020919
  45.000000000000000    44.026659470615670     0.002501725168403
  45.000000000000000   135.973340529384330     0.002501725168403
 -45.000000000000000    44.026659470615670     0.002501725168403
 -45.000000000000000   135.973340529384330     0.002501725168403
 135.000000000000000    44.026659470615670     0.002501725168403
 135.000000000000000   135.973340529384330     0.002501725168403
-135.000000000000000    44.026659470615670     0.002501725168403
-135.000000000000000   135.973340529384330     0.002501725168403
  55.648127481676099    60.565104763835727     0.002501725168403
 -55.648127481676099    60.565104763835727     0.002501725168403
  55.648127481676099   119.434895236164266     0.002501725168403
 -55.648127481676099   119.434895236164266     0.002501725168403
 124.351872518323901    60.565104763835727     0.002501725168403
-124.351872518323901    60.565104763835727     0.002501725168403
 124.351872518323901   119.434895236164266     0.002501725168403
-124.351872518323901   119.434895236164266     0.002501725168403
  34.351872518323908    60.565104763835727     0.002501725168403
 145.648127481676113    60.565104763835727     0.002501725168403
  34.351872518323908   119.434895236164266     0.002501725168403
 145.648127481676113   119.434895236164266     0.002501725168403
 -34.351872518323908    60.565104763835727     0.002501725168403
-145.648127481676113    60.565104763835727     0.002501725168403
 -34.351872518323908   119.434895236164266     0.002501725168403
-145.648127481676113   119.434895236164266     0.002501725168403
  45.000000000000000    65.938771247754474     0.002513267174598
  45.000000000000000   114.061228752245540     0.002513267174598
 -45.000000000000000    65.938771247754474     0.002513267174598
 -45.000000000000000   114.061228752245540     0.002513267174598
 135.000000000000000    65.938771247754474     0.002513267174598
 135.000000000000000   114.061228752245540     0.002513267174598
-135.000000000000000    65.938771247754474     0.002513267174598
-135.000000000000000   114.061228752245540     0.002513267174598
  32.270779523597554    49.784336436095764     0.002513267174598
 -32.270779523597554    49.784336436095764     0.002513267174598
  32.270779523597554   130.215663563904258     0.002513267174598
 -32.270779523597554   130.215663563904258     0.002513267174598
 147.729220476402446    49.784336436095764     0.002513267174598
-147.729220476402446    49.784336436095764     0.002513267174598
 147.729220476402446   130.215663563904258     0.002513267174598
-147.729220476402446   130.215663563904258     0.002513267174598
  57.729220476402453    49.784336436095764     0.002513267174598
 122.270779523597540    49.784336436095764     0.002513267174598
  57.729220476402453   130.215663563904258     0.002513267174598
 122.270779523597540   130.215663563904258     0.002513267174598
 -57.729220476402453    49.784336436095764     0.002513267174598
-122.270779523597540    49.784336436095764     0.002513267174598
 -57.729220476402453   130.215663563904258     0.002513267174598
-122.270779523597540   130.215663563904258     0.002513267174598
  45.000000000000000    23.869031572439479     0.002302694782227
  45.000000000000000   156.130968427560532     0.002302694782227
 -45.000000000000000    23.869031572439479     0.002302694782227
 -45.000000000000000   156.130968427560532     0.002302694782227
 135.000000000000000    23.869031572439479     0.002302694782227
 135.000000000000000   156.130968427560532     0.002302694782227
-135.000000000000000    23.869031572439479     0.002302694782227
-135.000000000000000   156.130968427560532     0.002302694782227
  72.625648466389720    73.373659758428388     0.002302694782227
 -72.625648466389720    73.373659758428388     0.002302694782227
  72.625648466389720   106.626340241571626     0.002302694782227
 -72.625648466389720   106.626340241571626     0.002302694782227
 107.374351533610294    73.373659758428388     0.002302694782227
-107.374351533610294    73.373659758428388     0.002302694782227
 107.374351533610294   106.626340241571626     0.002302694782227
-107.374351533610294   106.626340241571626     0.002302694782227
  17.374351533610280    73.373659758428388     0.002302694782227
 162.625648466389720    73.373659758428388     0.002302694782227
  17.374351533610280   106.626340241571626     0.002302694782227
 162.625648466389720   106.626340241571626     0.002302694782227
 -17.374351533610280    73.373659758428388     0.002302694782227
-162.625648466389720    73.373659758428388     0.002302694782227
 -17.374351533610280   106.626340241571626     0.002302694782227
-162.625648466389720   106.626340241571626     0.002302694782227
  45.000000000000000     6.144071392746862     0.001462495621595
  45.000000000000000   173.855928607253134     0.001462495621595
 -45.000000000000000     6.144071392746862     0.001462495621595
 -45.000000000000000   173.855928607253134     0.001462495621595
 135.000000000000000     6.144071392746862     0.001462495621595
 135.000000000000000   173.855928607253134     0.001462495621595
-135.000000000000000     6.144071392746862     0.001462495621595
-135.000000000000000   173.855928607253134     0.001462495621595
  85.647149498323742    85.659657039730320     0.001462495621595
 -85.647149498323742    85.659657039730320     0.001462495621595
  85.647149498323742    94.340342960269695     0.001462495621595
 -85.647149498323742    94.340342960269695     0.001462495621595
  94.352850501676258    85.659657039730320     0.001462495621595
 -94.352850501676258    85.659657039730320     0.001462495621595
  94.352850501676258    94.340342960269695     0.001462495621595
 -94.352850501676258    94.340342960269695     0.001462495621595
   4.352850501676239    85.659657039730320     0.001462495621595
 175.647149498323785    85.659657039730320     0.001462495621595
   4.352850501676239    94.340342960269695     0.001462495621595
 175.647149498323785    94.340342960269695     0.001462495621595
  -4.352850501676239    85.659657039730320     0.001462495621595
-175.647149498323785    85.659657039730320     0.001462495621595
  -4.352850501676239    94.340342960269695     0.001462495621595
-175.647149498323785    94.340342960269695     0.001462495621595
  45.000000000000000    33.738160107507056     0.002445373437313
  45.000000000000000   146.261839892492958     0.002445373437313
 -45.000000000000000    33.738160107507056     0.002445373437313
 -45.000000000000000   146.261839892492958     0.002445373437313
 135.000000000000000    33.738160107507056     0.002445373437313
 135.000000000000000   146.261839892492958     0.002445373437313
-135.000000000000000    33.738160107507056     0.002445373437313
-135.000000000000000   146.261839892492958     0.002445373437313
  64.720399367175219    66.875775700610063     0.002445373437313
 -64.720399367175219    66.875775700610063     0.002445373437313
  64.720399367175219   113.124224299389951     0.002445373437313
 -64.720399367175219   113.124224299389951     0.002445373437313
 115.279600632824781    66.875775700610063     0.002445373437313
-115.279600632824781    66.875775700610063     0.002445373437313
 115.279600632824781   113.124224299389951     0.002445373437313
-115.279600632824781   113.124224299389951     0.002445373437313
  25.279600632824796    66.875775700610063     0.002445373437313
 154.720399367175219    66.875775700610063     0.002445373437313
  25.279600632824796   113.124224299389951     0.002445373437313
 154.720399367175219   113.124224299389951     0.002445373437313
 -25.279600632824796    66.875775700610063     0.002445373437313
-154.720399367175219    66.875775700610063     0.002445373437313
 -25.279600632824796   113.124224299389951     0.002445373437313
-154.720399367175219   113.124224299389951     0.002445373437313
  28.138121169997628    90.000000000000000     0.002417442375639
 -28.138121169997628    90.000000000000000     0.002417442375639
 151.861878830002382    90.000000000000000     0.002417442375639
-151.861878830002382    90.000000000000000     0.002417442375639
  61.861878830002375    90.000000000000000     0.002417442375639
 -61.861878830002375    90.000000000000000     0.002417442375639
 118.138121169997632    90.000000000000000     0.002417442375639
-118.138121169997632    90.000000000000000     0.002417442375639
   0.000000000000000    61.861878830002375     0.002417442375639
   0.000000000000000   118.138121169997632     0.002417442375639
 180.000000000000000    61.861878830002375     0.002417442375639
 180.000000000000000   118.138121169997632     0.002417442375639
   0.000000000000000    28.138121169997628     0.002417442375639
   0.000000000000000   151.861878830002382     0.002417442375639
 180.000000000000000    28.138121169997628     0.002417442375639
 180.000000000000000   151.861878830002382     0.002417442375639
  90.000000000000000    61.861878830002375     0.002417442375639
  90.000000000000000   118.138121169997632     0.002417442375639
 -90.000000000000000    61.861878830002375     0.002417442375639
 -90.000000000000000   118.138121169997632     0.002417442375639
  90.000000000000000    28.138121169997628     0.002417442375639
  90.000000000000000   151.861878830002382     0.002417442375639
 -90.000000000000000    28.138121169997628     0.002417442375639
 -90.000000000000000   151.861878830002382     0.002417442375639
  12.138323253338090    90.000000000000000     0.001910951282180
 -12.138323253338090    90.000000000000000     0.001910951282180
 167.861676746661914    90.000000000000000     0.001910951282180
-167.861676746661914    90.000000000000000     0.001910951282180
  77.861676746661914    90.000000000000000     0.001910951282180
 -77.861676746661914    90.000000000000000     0.001910951282180
 102.138323253338100    90.000000000000000     0.001910951282180
-102.138323253338100    90.000000000000000     0.001910951282180
   0.000000000000000    77.861676746661914     0.001910951282180
   0.000000000000000   102.138323253338100     0.001910951282180
 180.000000000000000    77.861676746661914     0.001910951282180
 180.000000000000000   102.138323253338100     0.001910951282180
   0.000000000000000    12.138323253338090     0.001910951282180
   0.000000000000000   167.861676746661914     0.001910951282180
 180.000000000000000    12.138323253338090     0.001910951282180
 180.000000000000000   167.861676746661914     0.001910951282180
  90.000000000000000    77.861676746661914     0.001910951282180
  90.000000000000000   102.138323253338100     0.001910951282180
 -90.000000000000000    77.861676746661914     0.001910951282180
 -90.000000000000000   102.138323253338100     0.001910951282180
  90.000000000000000    12.138323253338090     0.001910951282180
  90.000000000000000   167.861676746661914     0.001910951282180
 -90.000000000000000    12.138323253338090     0.001910951282180
 -90.000000000000000   167.861676746661914     0.001910951282180
  76.695489384723771    63.241363574982884     0.002416930044325
  76.695489384723771   116.758636425017130     0.002416930044325
 -76.695489384723771    63.241363574982884     0.002416930044325
 -76.695489384723771   116.758636425017130     0.002416930044325
 103.304510615276243    63.241363574982884     0.002416930044325
 103.304510615276243   116.758636425017130     0.002416930044325
-103.304510615276243    63.241363574982884     0.002416930044325
-103.304510615276243   116.758636425017130     0.002416930044325
  65.468464065335255    29.663608295443467     0.002416930044325
  65.468464065335255   150.336391704556547     0.002416930044325
 -65.468464065335255    29.663608295443467     0.002416930044325
 -65.468464065335255   150.336391704556547     0.002416930044325
 114.531535934664745    29.663608295443467     0.002416930044325
 114.531535934664745   150.336391704556547     0.002416930044325
-114.531535934664745    29.663608295443467     0.002416930044325
-114.531535934664745   150.336391704556547     0.002416930044325
  13.304510615276239    63.241363574982884     0.002416930044325
  13.304510615276239   116.758636425017130     0.002416930044325
 -13.304510615276239    63.241363574982884     0.002416930044325
 -13.304510615276239   116.758636425017130     0.002416930044325
 166.695489384723771    63.241363574982884     0.002416930044325
 166.695489384723771   116.758636425017130     0.002416930044325
-166.695489384723771    63.241363574982884     0.002416930044325
-166.695489384723771   116.758636425017130     0.002416930044325
  27.390342474074416    78.142262040312289     0.002416930044325
  27.390342474074416   101.857737959687725     0.002416930044325
 -27.390342474074416    78.142262040312289     0.002416930044325
 -27.390342474074416   101.857737959687725     0.002416930044325
 152.609657525925599    78.142262040312289     0.002416930044325
 152.609657525925599   101.857737959687725     0.002416930044325
-152.609657525925599    78.142262040312289     0.002416930044325
-152.609657525925599   101.857737959687725     0.002416930044325
  24.531535934664745    29.663608295443467     0.002416930044325
  24.531535934664745   150.336391704556547     0.002416930044325
 -24.531535934664745    29.663608295443467     0.002416930044325
 -24.531535934664745   150.336391704556547     0.002416930044325
 155.468464065335269    29.663608295443467     0.002416930044325
 155.468464065335269   150.336391704556547     0.002416930044325
-155.468464065335269    29.663608295443467     0.002416930044325
-155.468464065335269   150.336391704556547     0.002416930044325
  62.609657525925584    78.142262040312289     0.002416930044325
  62.609657525925584   101.857737959687725     0.002416930044325
 -62.609657525925584    78.142262040312289     0.002416930044325
 -62.609657525925584   101.857737959687725     0.002416930044325
 117.390342474074430    78.142262040312289     0.002416930044325
 117.390342474074430   101.857737959687725     0.002416930044325
-117.390342474074430    78.142262040312289     0.002416930044325
-117.390342474074430   101.857737959687725     0.002416930044325
  53.564840945573316    83.869012578555868     0.002512236854563
  53.564840945573316    96.130987421444146     0.002512236854563
 -53.564840945573316    83.869012578555868     0.002512236854563
 -53.564840945573316    96.130987421444146     0.002512236854563
 126.435159054426691    83.869012578555868     0.002512236854563
 126.435159054426691    96.130987421444146     0.002512236854563
-126.435159054426691    83.869012578555868     0.002512236854563
-126.435159054426691    96.130987421444146     0.002512236854563
  10.251803119962016    36.876786492362804     0.002512236854563
  10.251803119962016   143.123213507637189     0.002512236854563
 -10.251803119962016    36.876786492362804     0.002512236854563
 -10.251803119962016   143.123213507637189     0.002512236854563
 169.748196880037995    36.876786492362804     0.002512236854563
 169.748196880037995   143.123213507637189     0.002512236854563
-169.748196880037995    36.876786492362804     0.002512236854563
-169.748196880037995   143.123213507637189     0.002512236854563
  36.435159054426691    83.869012578555868     0.002512236854563
  36.435159054426691    96.130987421444146     0.002512236854563
 -36.435159054426691    83.869012578555868     0.002512236854563
 -36.435159054426691    96.130987421444146     0.002512236854563
 143.564840945573309    83.869012578555868     0.002512236854563
 143.564840945573309    96.130987421444146     0.002512236854563
-143.564840945573309    83.869012578555868     0.002512236854563
-143.564840945573309    96.130987421444146     0.002512236854563
   7.604831947011372    53.806387271167246     0.002512236854563
   7.604831947011372   126.193612728832747     0.002512236854563
  -7.604831947011372    53.806387271167246     0.002512236854563
  -7.604831947011372   126.193612728832747     0.002512236854563
 172.395168052988652    53.806387271167246     0.002512236854563
 172.395168052988652   126.193612728832747     0.002512236854563
-172.395168052988652    53.806387271167246     0.002512236854563
-172.395168052988652   126.193612728832747     0.002512236854563
  79.748196880037980    36.876786492362804     0.002512236854563
  79.748196880037980   143.123213507637189     0.002512236854563
 -79.748196880037980    36.876786492362804     0.002512236854563
 -79.748196880037980   143.123213507637189     0.002512236854563
 100.251803119962020    36.876786492362804     0.002512236854563
 100.251803119962020   143.123213507637189     0.002512236854563
-100.251803119962020    36.876786492362804     0.002512236854563
-100.251803119962020   143.123213507637189     0.002512236854563
  82.395168052988637    53.806387271167246     0.002512236854563
  82.395168052988637   126.193612728832747     0.002512236854563
 -82.395168052988637    53.806387271167246     0.002512236854563
 -82.395168052988637   126.193612728832747     0.002512236854563
  97.604831947011377    53.806387271167246     0.002512236854563
  97.604831947011377   126.193612728832747     0.002512236854563
 -97.604831947011377    53.806387271167246     0.002512236854563
 -97.604831947011377   126.193612728832747     0.002512236854563
  54.277519109106493    71.914950035311833     0.002496644054553
  54.277519109106493   108.085049964688167     0.002496644054553
 -54.277519109106493    71.914950035311833     0.002496644054553
 -54.277519109106493   108.085049964688167     0.002496644054553
 125.722480890893522    71.914950035311833     0.002496644054553
 125.722480890893522   108.085049964688167     0.002496644054553
-125.722480890893522    71.914950035311833     0.002496644054553
-125.722480890893522   108.085049964688167     0.002496644054553
  29.218944173194274    39.489038266829247     0.002496644054553
  29.218944173194274   140.510961733170745     0.002496644054553
 -29.218944173194274    39.489038266829247     0.002496644054553
 -29.218944173194274   140.510961733170745     0.002496644054553
 150.781055826805726    39.489038266829247     0.002496644054553
 150.781055826805726   140.510961733170745     0.002496644054553
-150.781055826805726    39.489038266829247     0.002496644054553
-150.781055826805726   140.510961733170745     0.002496644054553
  35.722480890893515    71.914950035311833     0.002496644054553
  35.722480890893515   108.085049964688167     0.002496644054553
 -35.722480890893515    71.914950035311833     0.002496644054553
 -35.722480890893515   108.085049964688167     0.002496644054553
 144.277519109106493    71.914950035311833     0.002496644054553
 144.277519109106493   108.085049964688167     0.002496644054553
-144.277519109106493    71.914950035311833     0.002496644054553
-144.277519109106493   108.085049964688167     0.002496644054553
  21.912039921290599    56.288235787022671     0.002496644054553
  21.912039921290599   123.711764212977343     0.002496644054553
 -21.912039921290599    56.288235787022671     0.002496644054553
 -21.912039921290599   123.711764212977343     0.002496644054553
 158.087960078709415    56.288235787022671     0.002496644054553
 158.087960078709415   123.711764212977343     0.002496644054553
-158.087960078709415    56.288235787022671     0.002496644054553
-158.087960078709415   123.711764212977343     0.002496644054553
  60.781055826805733    39.489038266829247     0.002496644054553
  60.781055826805733   140.510961733170745     0.002496644054553
 -60.781055826805733    39.489038266829247     0.002496644054553
 -60.781055826805733   140.510961733170745     0.002496644054553
 119.218944173194274    39.489038266829247     0.002496644054553
 119.218944173194274   140.510961733170745     0.002496644054553
-119.218944173194274    39.489038266829247     0.002496644054553
-119.218944173194274   140.510961733170745     0.002496644054553
  68.087960078709401    56.288235787022671     0.002496644054553
  68.087960078709401   123.711764212977343     0.002496644054553
 -68.087960078709401    56.288235787022671     0.002496644054553
 -68.087960078709401   123.711764212977343     0.002496644054553
 111.912039921290614    56.288235787022671     0.002496644054553
 111.912039921290614   123.711764212977343     0.002496644054553
-111.912039921290614    56.288235787022671     0.002496644054553
-111.912039921290614   123.711764212977343     0.002496644054553
  19.639119191864815    84.305876252723920     0.002236607760438
  19.639119191864815    95.694123747276080     0.002236607760438
 -19.639119191864815    84.305876252723920     0.002236607760438
 -19.639119191864815    95.694123747276080     0.002236607760438
 160.360880808135192    84.305876252723920     0.002236607760438
 160.360880808135192    95.694123747276080     0.002236607760438
-160.360880808135192    84.305876252723920     0.002236607760438
-160.360880808135192    95.694123747276080     0.002236607760438
   6.043292201442843    70.461735824044794     0.002236607760438
   6.043292201442843   109.538264175955206     0.002236607760438
  -6.043292201442843    70.461735824044794     0.002236607760438
  -6.043292201442843   109.538264175955206     0.002236607760438
 173.956707798557147    70.461735824044794     0.002236607760438
 173.956707798557147   109.538264175955206     0.002236607760438
-173.956707798557147    70.461735824044794     0.002236607760438
-173.956707798557147   109.538264175955206     0.002236607760438
  70.360880808135192    84.305876252723920     0.002236607760438
  70.360880808135192    95.694123747276080     0.002236607760438
 -70.360880808135192    84.305876252723920     0.002236607760438
 -70.360880808135192    95.694123747276080     0.002236607760438
 109.639119191864808    84.305876252723920     0.002236607760438
 109.639119191864808    95.694123747276080     0.002236607760438
-109.639119191864808    84.305876252723920     0.002236607760438
-109.639119191864808    95.694123747276080     0.002236607760438
  16.524117754033220    20.416595792634649     0.002236607760438
  16.524117754033220   159.583404207365362     0.002236607760438
 -16.524117754033220    20.416595792634649     0.002236607760438
 -16.524117754033220   159.583404207365362     0.002236607760438
 163.475882245966773    20.416595792634649     0.002236607760438
 163.475882245966773   159.583404207365362     0.002236607760438
-163.475882245966773    20.416595792634649     0.002236607760438
-163.475882245966773   159.583404207365362     0.002236607760438
  83.956707798557161    70.461735824044794     0.002236607760438
  83.956707798557161   109.538264175955206     0.002236607760438
 -83.956707798557161    70.461735824044794     0.002236607760438
 -83.956707798557161   109.538264175955206     0.002236607760438
  96.043292201442839    70.461735824044794     0.002236607760438
  96.043292201442839   109.538264175955206     0.002236607760438
 -96.043292201442839    70.461735824044794     0.002236607760438
 -96.043292201442839   109.538264175955206     0.002236607760438
  73.475882245966801    20.416595792634649     0.002236607760438
  73.475882245966801   159.583404207365362     0.002236607760438
 -73.475882245966801    20.416595792634649     0.002236607760438
 -73.475882245966801   159.583404207365362     0.002236607760438
 106.524117754033213    20.416595792634649     0.002236607760438
 106.524117754033213   159.583404207365362     0.002236607760438
-106.524117754033213    20.416595792634649     0.002236607760438
-106.524117754033213   159.583404207365362     0.002236607760438
