   0.000000000000000    90.000000000000000     0.047619047619048
 180.000000000000000    90.000000000000000     0.047619047619048
  90.000000000000000    90.000000000000000     0.047619047619048
 -90.000000000000000    90.000000000000000     0.047619047619048
  90.000000000000000     0.000000000000000     0.047619047619048
  90.000000000000000   180.000000000000000     0.047619047619048
  90.000000000000000    45.000000000000000     0.038095238095238
  90.000000000000000   135.000000000000000     0.038095238095238
 -90.000000000000000    45.000000000000000     0.038095238095238
 -90.000000000000000   135.000000000000000     0.038095238095238
   0.000000000000000    45.000000000000000     0.038095238095238
   0.000000000000000   135.000000000000000     0.038095238095238
 180.000000000000000    45.000000000000000     0.038095238095238
 180.000000000000000   135.000000000000000     0.038095238095238
  45.000000000000000    90.000000000000000     0.038095238095238
 -45.000000000000000    90.000000000000000     0.038095238095238
 135.000000000000000    90.000000000000000     0.038095238095238
-135.000000000000000    90.000000000000000     0.038095238095238
  45.000000000000000    54.735610317245346     0.032142857142857
  45.000000000000000   125.264389682754654     0.032142857142857
 -45.000000000000000    54.735610317245346     0.032142857142857
 -45.000000000000000   125.264389682754654     0.032142857142857
 135.000000000000000    54.735610317245346     0.032142857142857
 135.000000000000000   125.264389682754654     0.032142857142857
-135.000000000000000    54.735610317245346     0.032142857142857
-135.000000000000000   125.264389682754654     0.032142857142857
