   0.000000000000000    90.000000000000000     0.003828270494937
 180.000000000000000    90.000000000000000     0.003828270494937
  90.000000000000000    90.000000000000000     0.003828270494937
 -90.000000000000000    90.000000000000000     0.003828270494937
  90.000000000000000     0.000000000000000     0.003828270494937
  90.000000000000000   180.000000000000000     0.003828270494937
  45.000000000000000    54.735610317245346     0.009793737512488
  45.000000000000000   125.264389682754654     0.009793737512488
 -45.000000000000000    54.735610317245346     0.009793737512488
 -45.000000000000000   125.264389682754654     0.009793737512488
 135.000000000000000    54.735610317245346     0.009793737512488
 135.000000000000000   125.264389682754654     0.009793737512488
-135.000000000000000    54.735610317245346     0.009793737512488
-135.000000000000000   125.264389682754654     0.009793737512488
  45.000000000000000    15.176481556075425     0.008211737283191
  45.000000000000000   164.823518443924598     0.008211737283191
 -45.000000000000000    15.176481556075425     0.008211737283191
 -45.000000000000000   164.823518443924598     0.008211737283191
 135.000000000000000    15.176481556075425     0.008211737283191
 135.000000000000000   164.823518443924598     0.008211737283191
-135.000000000000000    15.176481556075425     0.008211737283191
-135.000000000000000   164.823518443924598     0.008211737283191
  79.142249366142039    79.332125737120890     0.008211737283191
 -79.142249366142039    79.332125737120890     0.008211737283191
  79.142249366142039   100.667874262879110     0.008211737283191
 -79.142249366142039   100.667874262879110     0.008211737283191
 100.857750633857975    79.332125737120890     0.008211737283191
-100.857750633857975    79.332125737120890     0.008211737283191
 100.857750633857975   100.667874262879110     0.008211737283191
-100.857750633857975   100.667874262879110     0.008211737283191
  10.857750633857979    79.332125737120890     0.008211737283191
 169.142249366142011    79.332125737120890     0.008211737283191
  10.857750633857979   100.667874262879110     0.008211737283191
 169.142249366142011   100.667874262879110     0.008211737283191
 -10.857750633857979    79.332125737120890     0.008211737283191
-169.142249366142011    79.332125737120890     0.008211737283191
 -10.857750633857979   100.667874262879110     0.008211737283191
-169.142249366142011   100.667874262879110     0.008211737283191
  45.000000000000000    77.528304436344783     0.009942814891178
  45.000000000000000   102.471695563655231     0.009942814891178
 -45.000000000000000    77.528304436344783     0.009942814891178
 -45.000000000000000   102.471695563655231     0.009942814891178
 135.000000000000000    77.528304436344783     0.009942814891178
 135.000000000000000   102.471695563655231     0.009942814891178
-135.000000000000000    77.528304436344783     0.009942814891178
-135.000000000000000   102.471695563655231     0.009942814891178
  17.369198090442442    46.336552258147378     0.009942814891178
 -17.369198090442442    46.336552258147378     0.009942814891178
  17.369198090442442   133.663447741852622     0.009942814891178
 -17.369198090442442   133.663447741852622     0.009942814891178
 162.630801909557562    46.336552258147378     0.009942814891178
-162.630801909557562    46.336552258147378     0.009942814891178
 162.630801909557562   133.663447741852622     0.009942814891178
-162.630801909557562   133.663447741852622     0.009942814891178
  72.630801909557576    46.336552258147378     0.009942814891178
 107.369198090442438    46.336552258147378     0.009942814891178
  72.630801909557576   133.663447741852622     0.009942814891178
 107.369198090442438   133.663447741852622     0.009942814891178
 -72.630801909557576    46.336552258147378     0.009942814891178
-107.369198090442438    46.336552258147378     0.009942814891178
 -72.630801909557576   133.663447741852622     0.009942814891178
-107.369198090442438   133.663447741852622     0.009942814891178
  45.000000000000000    34.027408105510005     0.009595471336071
  45.000000000000000   145.972591894489995     0.009595471336071
 -45.000000000000000    34.027408105510005     0.009595471336071
 -45.000000000000000   145.972591894489995     0.009595471336071
 135.000000000000000    34.027408105510005     0.009595471336071
 135.000000000000000   145.972591894489995     0.009595471336071
-135.000000000000000    34.027408105510005     0.009595471336071
-135.000000000000000   145.972591894489995     0.009595471336071
  64.478237843366074    66.691018332392488     0.009595471336071
 -64.478237843366074    66.691018332392488     0.009595471336071
  64.478237843366074   113.308981667607512     0.009595471336071
 -64.478237843366074   113.308981667607512     0.009595471336071
 115.521762156633926    66.691018332392488     0.009595471336071
-115.521762156633926    66.691018332392488     0.009595471336071
 115.521762156633926   113.308981667607512     0.009595471336071
-115.521762156633926   113.308981667607512     0.009595471336071
  25.521762156633940    66.691018332392488     0.009595471336071
 154.478237843366060    66.691018332392488     0.009595471336071
  25.521762156633940   113.308981667607512     0.009595471336071
 154.478237843366060   113.308981667607512     0.009595471336071
 -25.521762156633940    66.691018332392488     0.009595471336071
-154.478237843366060    66.691018332392488     0.009595471336071
 -25.521762156633940   113.308981667607512     0.009595471336071
-154.478237843366060   113.308981667607512     0.009595471336071
  61.421065207205885    90.000000000000000     0.009694996361663
 -61.421065207205885    90.000000000000000     0.009694996361663
 118.578934792794129    90.000000000000000     0.009694996361663
-118.578934792794129    90.000000000000000     0.009694996361663
  28.578934792794119    90.000000000000000     0.009694996361663
 -28.578934792794119    90.000000000000000     0.009694996361663
 151.421065207205885    90.000000000000000     0.009694996361663
-151.421065207205885    90.000000000000000     0.009694996361663
   0.000000000000000    28.578934792794119     0.009694996361663
   0.000000000000000   151.421065207205885     0.009694996361663
 180.000000000000000    28.578934792794119     0.009694996361663
 180.000000000000000   151.421065207205885     0.009694996361663
   0.000000000000000    61.421065207205885     0.009694996361663
   0.000000000000000   118.578934792794129     0.009694996361663
 180.000000000000000    61.421065207205885     0.009694996361663
 180.000000000000000   118.578934792794129     0.009694996361663
  90.000000000000000    28.578934792794119     0.009694996361663
  90.000000000000000   151.421065207205885     0.009694996361663
 -90.000000000000000    28.578934792794119     0.009694996361663
 -90.000000000000000   151.421065207205885     0.009694996361663
  90.000000000000000    61.421065207205885     0.009694996361663
  90.000000000000000   118.578934792794129     0.009694996361663
 -90.000000000000000    61.421065207205885     0.009694996361663
 -90.000000000000000   118.578934792794129     0.009694996361663
