   0.000000000000000    90.000000000000000     0.000513067179734
 180.000000000000000    90.000000000000000     0.000513067179734
  90.000000000000000    90.000000000000000     0.000513067179734
 -90.000000000000000    90.000000000000000     0.000513067179734
  90.000000000000000     0.000000000000000     0.000513067179734
  90.000000000000000   180.000000000000000     0.000513067179734
  90.000000000000000    45.000000000000000     0.016604069565742
  90.000000000000000   135.000000000000000     0.016604069565742
 -90.000000000000000    45.000000000000000     0.016604069565742
 -90.000000000000000   135.000000000000000     0.016604069565742
   0.000000000000000    45.000000000000000     0.016604069565742
   0.000000000000000   135.000000000000000     0.016604069565742
 180.000000000000000    45.000000000000000     0.016604069565742
 180.000000000000000   135.000000000000000     0.016604069565742
  45.000000000000000    90.000000000000000     0.016604069565742
 -45.000000000000000    90.000000000000000     0.016604069565742
 135.000000000000000    90.000000000000000     0.016604069565742
-135.000000000000000    90.000000000000000     0.016604069565742
  45.000000000000000    54.735610317245346    -0.029586038961039
  45.000000000000000   125.264389682754654    -0.029586038961039
 -45.000000000000000    54.735610317245346    -0.029586038961039
 -45.000000000000000   125.264389682754654    -0.029586038961039
 135.000000000000000    54.735610317245346    -0.029586038961039
 135.000000000000000   125.264389682754654    -0.029586038961039
-135.000000000000000    54.735610317245346    -0.029586038961039
-135.000000000000000   125.264389682754654    -0.029586038961039
  45.000000000000000    42.794137107114921     0.026576207082159
  45.000000000000000   137.205862892885108     0.026576207082159
 -45.000000000000000    42.794137107114921     0.026576207082159
 -45.000000000000000   137.205862892885108     0.026576207082159
 135.000000000000000    42.794137107114921     0.026576207082159
 135.000000000000000   137.205862892885108     0.026576207082159
-135.000000000000000    42.794137107114921     0.026576207082159
-135.000000000000000   137.205862892885108     0.026576207082159
  56.789089239100910    61.289485196402069     0.026576207082159
 -56.789089239100910    61.289485196402069     0.026576207082159
  56.789089239100910   118.710514803597945     0.026576207082159
 -56.789089239100910   118.710514803597945     0.026576207082159
 123.210910760899083    61.289485196402069     0.026576207082159
-123.210910760899083    61.289485196402069     0.026576207082159
 123.210910760899083   118.710514803597945     0.026576207082159
-123.210910760899083   118.710514803597945     0.026576207082159
  33.210910760899083    61.289485196402069     0.026576207082159
 146.789089239100917    61.289485196402069     0.026576207082159
  33.210910760899083   118.710514803597945     0.026576207082159
 146.789089239100917   118.710514803597945     0.026576207082159
 -33.210910760899083    61.289485196402069     0.026576207082159
-146.789089239100917    61.289485196402069     0.026576207082159
 -33.210910760899083   118.710514803597945     0.026576207082159
-146.789089239100917   118.710514803597945     0.026576207082159
  71.290342151652581    90.000000000000000     0.016522170993716
 -71.290342151652581    90.000000000000000     0.016522170993716
 108.709657848347433    90.000000000000000     0.016522170993716
-108.709657848347433    90.000000000000000     0.016522170993716
  18.709657848347415    90.000000000000000     0.016522170993716
 -18.709657848347415    90.000000000000000     0.016522170993716
 161.290342151652595    90.000000000000000     0.016522170993716
-161.290342151652595    90.000000000000000     0.016522170993716
   0.000000000000000    18.709657848347415     0.016522170993716
   0.000000000000000   161.290342151652595     0.016522170993716
 180.000000000000000    18.709657848347415     0.016522170993716
 180.000000000000000   161.290342151652595     0.016522170993716
   0.000000000000000    71.290342151652581     0.016522170993716
   0.000000000000000   108.709657848347433     0.016522170993716
 180.000000000000000    71.290342151652581     0.016522170993716
 180.000000000000000   108.709657848347433     0.016522170993716
  90.000000000000000    18.709657848347415     0.016522170993716
  90.000000000000000   161.290342151652595     0.016522170993716
 -90.000000000000000    18.709657848347415     0.016522170993716
 -90.000000000000000   161.290342151652595     0.016522170993716
  90.000000000000000    71.290342151652581     0.016522170993716
  90.000000000000000   108.709657848347433     0.016522170993716
 -90.000000000000000    71.290342151652581     0.016522170993716
 -90.000000000000000   108.709657848347433     0.016522170993716
