   0.000000000000000    90.000000000000000     0.012698412698413
 180.000000000000000    90.000000000000000     0.012698412698413
  90.000000000000000    90.000000000000000     0.012698412698413
 -90.000000000000000    90.000000000000000     0.012698412698413
  90.000000000000000     0.000000000000000     0.012698412698413
  90.000000000000000   180.000000000000000     0.012698412698413
  90.000000000000000    45.000000000000000     0.022574955908289
  90.000000000000000   135.000000000000000     0.022574955908289
 -90.000000000000000    45.000000000000000     0.022574955908289
 -90.000000000000000   135.000000000000000     0.022574955908289
   0.000000000000000    45.000000000000000     0.022574955908289
   0.000000000000000   135.000000000000000     0.022574955908289
 180.000000000000000    45.000000000000000     0.022574955908289
 180.000000000000000   135.000000000000000     0.022574955908289
  45.000000000000000    90.000000000000000     0.022574955908289
 -45.000000000000000    90.000000000000000     0.022574955908289
 135.000000000000000    90.000000000000000     0.022574955908289
-135.000000000000000    90.000000000000000     0.022574955908289
  45.000000000000000    54.735610317245346     0.021093750000000
  45.000000000000000   125.264389682754654     0.021093750000000
 -45.000000000000000    54.735610317245346     0.021093750000000
 -45.000000000000000   125.264389682754654     0.021093750000000
 135.000000000000000    54.735610317245346     0.021093750000000
 135.000000000000000   125.264389682754654     0.021093750000000
-135.000000000000000    54.735610317245346     0.021093750000000
-135.000000000000000   125.264389682754654     0.021093750000000
  45.000000000000000    25.239401820678911     0.020173335537919
  45.000000000000000   154.760598179321079     0.020173335537919
 -45.000000000000000    25.239401820678911     0.020173335537919
 -45.000000000000000   154.760598179321079     0.020173335537919
 135.000000000000000    25.239401820678911     0.020173335537919
 135.000000000000000   154.760598179321079     0.020173335537919
-135.000000000000000    25.239401820678911     0.020173335537919
-135.000000000000000   154.760598179321079     0.020173335537919
  71.565051177077990    72.451599386207704     0.020173335537919
 -71.565051177077990    72.451599386207704     0.020173335537919
  71.565051177077990   107.548400613792296     0.020173335537919
 -71.565051177077990   107.548400613792296     0.020173335537919
 108.434948822922010    72.451599386207704     0.020173335537919
-108.434948822922010    72.451599386207704     0.020173335537919
 108.434948822922010   107.548400613792296     0.020173335537919
-108.434948822922010   107.548400613792296     0.020173335537919
  18.434948822922017    72.451599386207704     0.020173335537919
 161.565051177078004    72.451599386207704     0.020173335537919
  18.434948822922017   107.548400613792296     0.020173335537919
 161.565051177078004   107.548400613792296     0.020173335537919
 -18.434948822922017    72.451599386207704     0.020173335537919
-161.565051177078004    72.451599386207704     0.020173335537919
 -18.434948822922017   107.548400613792296     0.020173335537919
-161.565051177078004   107.548400613792296     0.020173335537919
