#y=-6.581205e-01
-9.86484800e+00 -2.44091700e+00  0.00000000e+00
 7.04632000e+00  7.32275100e+00  0.00000000e+00
 0.00000000e+00  0.00000000e+00 -2.31755900e+01
48
 0.458330000000  0.041670000000  0.900701000018 S1
 0.375000000000  0.125000000000  0.801401999992 S1
 0.666670000000  0.333330000000  0.702102999967 S1
 0.458330000000  0.041670000000  0.602803999941 S1
 0.375000000000  0.125000000000  0.503504999916 S1
 0.083330000000  0.916670000000  0.900701000018 S1
 0.000000000000  0.000000000000  0.801401999992 S1
 0.291670000000  0.208330000000  0.702102999967 S1
 0.083330000000  0.916670000000  0.602803999941 S1
 0.000000000000  0.000000000000  0.503504999916 S1
 0.708330000000  0.791670000000  0.900701000018 S1
 0.625000000000  0.875000000000  0.801401999992 S1
 0.916670000000  0.083330000000  0.702102999967 S1
 0.708330000000  0.791670000000  0.602803999941 S1
 0.625000000000  0.875000000000  0.503504999916 S1
 0.583330000000  0.416670000000  0.900701000018 S1
 0.500000000000  0.500000000000  0.801401999992 S1
 0.791670000000  0.708330000000  0.702102999967 S1
 0.583330000000  0.416670000000  0.602803999941 S1
 0.500000000000  0.500000000000  0.503504999916 S1
 0.208330000000  0.291670000000  0.900701000018 S1
 0.125000000000  0.375000000000  0.801401999992 S1
 0.416670000000  0.583330000000  0.702102999967 S1
 0.208330000000  0.291670000000  0.602803999941 S1
 0.125000000000  0.375000000000  0.503504999916 S1
 0.833330000000  0.166670000000  0.900701000018 S1
 0.750000000000  0.250000000000  0.801401999992 S1
 0.041670000000  0.458330000000  0.702102999967 S1
 0.833330000000  0.166670000000  0.602803999941 S1
 0.750000000000  0.250000000000  0.503504999916 S1
 0.333330000000  0.666670000000  0.900701000018 S1
 0.250000000000  0.750000000000  0.801401999992 S1
 0.541670000000  0.958330000000  0.702102999967 S1
 0.333330000000  0.666670000000  0.602803999941 S1
 0.250000000000  0.750000000000  0.503504999916 S1
 0.958330000000  0.541670000000  0.900701000018 S1
 0.875000000000  0.625000000000  0.801401999992 S1
 0.166670000000  0.833330000000  0.702102999967 S1
 0.958330000000  0.541670000000  0.602803999941 S1
 0.875000000000  0.625000000000  0.503504999916 S1
 0.666670000000  0.333330000000  0.453452336747 A1 1
 0.916670000000  0.083330000000  0.453452336747 A1 2
 0.166670000000  0.833330000000  0.453452336747 A1 0
 0.541670000000  0.958330000000  0.453452336747 A1 0
 0.416670000000  0.583330000000  0.453452336747 A1 0
 0.291670000000  0.208330000000  0.453452336747 A1 2
 0.041670000000  0.458330000000  0.453452336747 A1 0
 0.791670000000  0.708330000000  0.453452336747 A1 0
