#y=-9.437911e-01
 1.40929900e+00 -2.44097800e+00  0.00000000e+00
 4.22789700e+00  2.44097800e+00  0.00000000e+00
 0.00000000e+00  0.00000000e+00  2.55082550e+01
12
 0.000000000000  0.000000000000  0.090220999986 S1
 0.000000000000  0.333330000000  0.180439359180 S1
 0.500000000000  0.166670000000  0.270657718374 S1
 0.000000000000  0.000000000000  0.360876077568 S1
 0.000000000000  0.333330000000  0.451094436762 S1
 0.500000000000  0.500000000000  0.090220999986 S1
 0.500000000000  0.833330000000  0.180439359180 S1
 0.000000000000  0.666670000000  0.270657718374 S1
 0.500000000000  0.500000000000  0.360876077568 S1
 0.500000000000  0.833330000000  0.451094436762 S1
 0.500000000000  0.166670000000  0.496569911270 A1 2
 0.000000000000  0.666670000000  0.496569911270 A1 0
