#y=-5.085910e-01
 2.11389600e+01  1.22045850e+01  0.00000000e+00
-1.40926400e+00  2.44091700e+00  0.00000000e+00
 0.00000000e+00  0.00000000e+00  2.31755900e+01
60
 0.966670000000  0.500000000000  0.097363711156 S1
 0.033330000000  0.500000000000  0.196662711181 S1
 0.000000000000  0.000000000000  0.295961711207 S1
 0.966670000000  0.500000000000  0.395260711232 S1
 0.033330000000  0.500000000000  0.494559711258 S1
 0.066670000000  0.000000000000  0.097363711156 S1
 0.133330000000  0.000000000000  0.196662711181 S1
 0.100000000000  0.500000000000  0.295961711207 S1
 0.066670000000  0.000000000000  0.395260711232 S1
 0.133330000000  0.000000000000  0.494559711258 S1
 0.166670000000  0.500000000000  0.097363711156 S1
 0.233330000000  0.500000000000  0.196662711181 S1
 0.200000000000  0.000000000000  0.295961711207 S1
 0.166670000000  0.500000000000  0.395260711232 S1
 0.233330000000  0.500000000000  0.494559711258 S1
 0.266670000000  0.000000000000  0.097363711156 S1
 0.333330000000  0.000000000000  0.196662711181 S1
 0.300000000000  0.500000000000  0.295961711207 S1
 0.266670000000  0.000000000000  0.395260711232 S1
 0.333330000000  0.000000000000  0.494559711258 S1
 0.366670000000  0.500000000000  0.097363711156 S1
 0.433330000000  0.500000000000  0.196662711181 S1
 0.400000000000  0.000000000000  0.295961711207 S1
 0.366670000000  0.500000000000  0.395260711232 S1
 0.433330000000  0.500000000000  0.494559711258 S1
 0.466670000000  0.000000000000  0.097363711156 S1
 0.533330000000  0.000000000000  0.196662711181 S1
 0.500000000000  0.500000000000  0.295961711207 S1
 0.466670000000  0.000000000000  0.395260711232 S1
 0.533330000000  0.000000000000  0.494559711258 S1
 0.566670000000  0.500000000000  0.097363711156 S1
 0.633330000000  0.500000000000  0.196662711181 S1
 0.600000000000  0.000000000000  0.295961711207 S1
 0.566670000000  0.500000000000  0.395260711232 S1
 0.633330000000  0.500000000000  0.494559711258 S1
 0.666670000000  0.000000000000  0.097363711156 S1
 0.733330000000  0.000000000000  0.196662711181 S1
 0.700000000000  0.500000000000  0.295961711207 S1
 0.666670000000  0.000000000000  0.395260711232 S1
 0.733330000000  0.000000000000  0.494559711258 S1
 0.766670000000  0.500000000000  0.097363711156 S1
 0.833330000000  0.500000000000  0.196662711181 S1
 0.800000000000  0.000000000000  0.295961711207 S1
 0.766670000000  0.500000000000  0.395260711232 S1
 0.833330000000  0.500000000000  0.494559711258 S1
 0.866670000000  0.000000000000  0.097363711156 S1
 0.933330000000  0.000000000000  0.196662711181 S1
 0.900000000000  0.500000000000  0.295961711207 S1
 0.866670000000  0.000000000000  0.395260711232 S1
 0.933330000000  0.000000000000  0.494559711258 S1
 0.100000000000  0.500000000000  0.544612374426 A1 0
 0.400000000000  0.000000000000  0.544612374426 A1 1
 0.300000000000  0.500000000000  0.544612374426 A1 1
 0.200000000000  0.000000000000  0.544612374426 A1 0
 0.000000000000  0.000000000000  0.544612374426 A1 2
 0.500000000000  0.500000000000  0.544612374426 A1 0
 0.600000000000  0.000000000000  0.544612374426 A1 1
 0.800000000000  0.000000000000  0.544612374426 A1 0
 0.700000000000  0.500000000000  0.544612374426 A1 0
 0.900000000000  0.500000000000  0.544612374426 A1 0
