#y=-7.477515e-01
-4.22779200e+00 -2.44091700e+00  0.00000000e+00
 2.81852800e+00 -4.88183400e+00  0.00000000e+00
 0.00000000e+00  0.00000000e+00  2.31755900e+01
24
 0.333330000000  0.500000000000  0.099298999982 S1
 0.000000000000  0.500000000000  0.198598000008 S1
 0.166670000000  0.250000000000  0.297897000033 S1
 0.333330000000  0.500000000000  0.397196000059 S1
 0.000000000000  0.500000000000  0.496495000084 S1
 0.333330000000  0.000000000000  0.099298999982 S1
 0.000000000000  0.000000000000  0.198598000008 S1
 0.166670000000  0.750000000000  0.297897000033 S1
 0.333330000000  0.000000000000  0.397196000059 S1
 0.000000000000  0.000000000000  0.496495000084 S1
 0.833330000000  0.250000000000  0.099298999982 S1
 0.500000000000  0.250000000000  0.198598000008 S1
 0.666670000000  0.000000000000  0.297897000033 S1
 0.833330000000  0.250000000000  0.397196000059 S1
 0.500000000000  0.250000000000  0.496495000084 S1
 0.833330000000  0.750000000000  0.099298999982 S1
 0.500000000000  0.750000000000  0.198598000008 S1
 0.666670000000  0.500000000000  0.297897000033 S1
 0.833330000000  0.750000000000  0.397196000059 S1
 0.500000000000  0.750000000000  0.496495000084 S1
 0.166670000000  0.750000000000  0.546547663253 A1 0
 0.166670000000  0.250000000000  0.546547663253 A1 1
 0.666670000000  0.000000000000  0.546547663253 A1 2
 0.666670000000  0.500000000000  0.546547663253 A1 0
