   0.000000000000000    90.000000000000000     0.005544842902037
 180.000000000000000    90.000000000000000     0.005544842902037
  90.000000000000000    90.000000000000000     0.005544842902037
 -90.000000000000000    90.000000000000000     0.005544842902037
  90.000000000000000     0.000000000000000     0.005544842902037
  90.000000000000000   180.000000000000000     0.005544842902037
  90.000000000000000    45.000000000000000     0.006071332770671
  90.000000000000000   135.000000000000000     0.006071332770671
 -90.000000000000000    45.000000000000000     0.006071332770671
 -90.000000000000000   135.000000000000000     0.006071332770671
   0.000000000000000    45.000000000000000     0.006071332770671
   0.000000000000000   135.000000000000000     0.006071332770671
 180.000000000000000    45.000000000000000     0.006071332770671
 180.000000000000000   135.000000000000000     0.006071332770671
  45.000000000000000    90.000000000000000     0.006071332770671
 -45.000000000000000    90.000000000000000     0.006071332770671
 135.000000000000000    90.000000000000000     0.006071332770671
-135.000000000000000    90.000000000000000     0.006071332770671
  45.000000000000000    54.735610317245346     0.006383674773515
  45.000000000000000   125.264389682754654     0.006383674773515
 -45.000000000000000    54.735610317245346     0.006383674773515
 -45.000000000000000   125.264389682754654     0.006383674773515
 135.000000000000000    54.735610317245346     0.006383674773515
 135.000000000000000   125.264389682754654     0.006383674773515
-135.000000000000000    54.735610317245346     0.006383674773515
-135.000000000000000   125.264389682754654     0.006383674773515
  45.000000000000000    21.149433535916117     0.005183387587748
  45.000000000000000   158.850566464083897     0.005183387587748
 -45.000000000000000    21.149433535916117     0.005183387587748
 -45.000000000000000   158.850566464083897     0.005183387587748
 135.000000000000000    21.149433535916117     0.005183387587748
 135.000000000000000   158.850566464083897     0.005183387587748
-135.000000000000000    21.149433535916117     0.005183387587748
-135.000000000000000   158.850566464083897     0.005183387587748
  74.700964736308180    75.218992356362847     0.005183387587748
 -74.700964736308180    75.218992356362847     0.005183387587748
  74.700964736308180   104.781007643637167     0.005183387587748
 -74.700964736308180   104.781007643637167     0.005183387587748
 105.299035263691835    75.218992356362847     0.005183387587748
-105.299035263691835    75.218992356362847     0.005183387587748
 105.299035263691835   104.781007643637167     0.005183387587748
-105.299035263691835   104.781007643637167     0.005183387587748
  15.299035263691827    75.218992356362847     0.005183387587748
 164.700964736308180    75.218992356362847     0.005183387587748
  15.299035263691827   104.781007643637167     0.005183387587748
 164.700964736308180   104.781007643637167     0.005183387587748
 -15.299035263691827    75.218992356362847     0.005183387587748
-164.700964736308180    75.218992356362847     0.005183387587748
 -15.299035263691827   104.781007643637167     0.005183387587748
-164.700964736308180   104.781007643637167     0.005183387587748
  45.000000000000000    72.494725487196703     0.006317929009814
  45.000000000000000   107.505274512803297     0.006317929009814
 -45.000000000000000    72.494725487196703     0.006317929009814
 -45.000000000000000   107.505274512803297     0.006317929009814
 135.000000000000000    72.494725487196703     0.006317929009814
 135.000000000000000   107.505274512803297     0.006317929009814
-135.000000000000000    72.494725487196703     0.006317929009814
-135.000000000000000   107.505274512803297     0.006317929009814
  24.038924410664215    47.595518437516212     0.006317929009814
 -24.038924410664215    47.595518437516212     0.006317929009814
  24.038924410664215   132.404481562483795     0.006317929009814
 -24.038924410664215   132.404481562483795     0.006317929009814
 155.961075589335792    47.595518437516212     0.006317929009814
-155.961075589335792    47.595518437516212     0.006317929009814
 155.961075589335792   132.404481562483795     0.006317929009814
-155.961075589335792   132.404481562483795     0.006317929009814
  65.961075589335792    47.595518437516212     0.006317929009814
 114.038924410664208    47.595518437516212     0.006317929009814
  65.961075589335792   132.404481562483795     0.006317929009814
 114.038924410664208   132.404481562483795     0.006317929009814
 -65.961075589335792    47.595518437516212     0.006317929009814
-114.038924410664208    47.595518437516212     0.006317929009814
 -65.961075589335792   132.404481562483795     0.006317929009814
-114.038924410664208   132.404481562483795     0.006317929009814
  45.000000000000000    37.646372670621822     0.006201670006589
  45.000000000000000   142.353627329378185     0.006201670006589
 -45.000000000000000    37.646372670621822     0.006201670006589
 -45.000000000000000   142.353627329378185     0.006201670006589
 135.000000000000000    37.646372670621822     0.006201670006589
 135.000000000000000   142.353627329378185     0.006201670006589
-135.000000000000000    37.646372670621822     0.006201670006589
-135.000000000000000   142.353627329378185     0.006201670006589
  61.389396297154533    64.412367834933889     0.006201670006589
 -61.389396297154533    64.412367834933889     0.006201670006589
  61.389396297154533   115.587632165066111     0.006201670006589
 -61.389396297154533   115.587632165066111     0.006201670006589
 118.610603702845481    64.412367834933889     0.006201670006589
-118.610603702845481    64.412367834933889     0.006201670006589
 118.610603702845481   115.587632165066111     0.006201670006589
-118.610603702845481   115.587632165066111     0.006201670006589
  28.610603702845474    64.412367834933889     0.006201670006589
 151.389396297154548    64.412367834933889     0.006201670006589
  28.610603702845474   115.587632165066111     0.006201670006589
 151.389396297154548   115.587632165066111     0.006201670006589
 -28.610603702845474    64.412367834933889     0.006201670006589
-151.389396297154548    64.412367834933889     0.006201670006589
 -28.610603702845474   115.587632165066111     0.006201670006589
-151.389396297154548   115.587632165066111     0.006201670006589
  74.847258028469312    90.000000000000000     0.005477143385137
 -74.847258028469312    90.000000000000000     0.005477143385137
 105.152741971530688    90.000000000000000     0.005477143385137
-105.152741971530688    90.000000000000000     0.005477143385137
  15.152741971530682    90.000000000000000     0.005477143385137
 -15.152741971530682    90.000000000000000     0.005477143385137
 164.847258028469327    90.000000000000000     0.005477143385137
-164.847258028469327    90.000000000000000     0.005477143385137
   0.000000000000000    15.152741971530682     0.005477143385137
   0.000000000000000   164.847258028469327     0.005477143385137
 180.000000000000000    15.152741971530682     0.005477143385137
 180.000000000000000   164.847258028469327     0.005477143385137
   0.000000000000000    74.847258028469312     0.005477143385137
   0.000000000000000   105.152741971530688     0.005477143385137
 180.000000000000000    74.847258028469312     0.005477143385137
 180.000000000000000   105.152741971530688     0.005477143385137
  90.000000000000000    15.152741971530682     0.005477143385137
  90.000000000000000   164.847258028469327     0.005477143385137
 -90.000000000000000    15.152741971530682     0.005477143385137
 -90.000000000000000   164.847258028469327     0.005477143385137
  90.000000000000000    74.847258028469312     0.005477143385137
  90.000000000000000   105.152741971530688     0.005477143385137
 -90.000000000000000    74.847258028469312     0.005477143385137
 -90.000000000000000   105.152741971530688     0.005477143385137
  16.165797434147173    31.304744789300912     0.005968383987681
  16.165797434147173   148.695255210699116     0.005968383987681
 -16.165797434147173    31.304744789300912     0.005968383987681
 -16.165797434147173   148.695255210699116     0.005968383987681
 163.834202565852820    31.304744789300912     0.005968383987681
 163.834202565852820   148.695255210699116     0.005968383987681
-163.834202565852820    31.304744789300912     0.005968383987681
-163.834202565852820   148.695255210699116     0.005968383987681
  59.711747172116482    81.682230932533884     0.005968383987681
  59.711747172116482    98.317769067466131     0.005968383987681
 -59.711747172116482    81.682230932533884     0.005968383987681
 -59.711747172116482    98.317769067466131     0.005968383987681
 120.288252827883525    81.682230932533884     0.005968383987681
 120.288252827883525    98.317769067466131     0.005968383987681
-120.288252827883525    81.682230932533884     0.005968383987681
-120.288252827883525    98.317769067466131     0.005968383987681
  73.834202565852820    31.304744789300912     0.005968383987681
  73.834202565852820   148.695255210699116     0.005968383987681
 -73.834202565852820    31.304744789300912     0.005968383987681
 -73.834202565852820   148.695255210699116     0.005968383987681
 106.165797434147180    31.304744789300912     0.005968383987681
 106.165797434147180   148.695255210699116     0.005968383987681
-106.165797434147180    31.304744789300912     0.005968383987681
-106.165797434147180   148.695255210699116     0.005968383987681
  80.390256591537280    60.063141298984171     0.005968383987681
  80.390256591537280   119.936858701015836     0.005968383987681
 -80.390256591537280    60.063141298984171     0.005968383987681
 -80.390256591537280   119.936858701015836     0.005968383987681
  99.609743408462720    60.063141298984171     0.005968383987681
  99.609743408462720   119.936858701015836     0.005968383987681
 -99.609743408462720    60.063141298984171     0.005968383987681
 -99.609743408462720   119.936858701015836     0.005968383987681
  30.288252827883525    81.682230932533884     0.005968383987681
  30.288252827883525    98.317769067466131     0.005968383987681
 -30.288252827883525    81.682230932533884     0.005968383987681
 -30.288252827883525    98.317769067466131     0.005968383987681
 149.711747172116503    81.682230932533884     0.005968383987681
 149.711747172116503    98.317769067466131     0.005968383987681
-149.711747172116503    81.682230932533884     0.005968383987681
-149.711747172116503    98.317769067466131     0.005968383987681
   9.609743408462711    60.063141298984171     0.005968383987681
   9.609743408462711   119.936858701015836     0.005968383987681
  -9.609743408462711    60.063141298984171     0.005968383987681
  -9.609743408462711   119.936858701015836     0.005968383987681
 170.390256591537309    60.063141298984171     0.005968383987681
 170.390256591537309   119.936858701015836     0.005968383987681
-170.390256591537309    60.063141298984171     0.005968383987681
-170.390256591537309   119.936858701015836     0.005968383987681
