   0.000000000000000    90.000000000000000     0.000110518923327
 180.000000000000000    90.000000000000000     0.000110518923327
  90.000000000000000    90.000000000000000     0.000110518923327
 -90.000000000000000    90.000000000000000     0.000110518923327
  90.000000000000000     0.000000000000000     0.000110518923327
  90.000000000000000   180.000000000000000     0.000110518923327
  90.000000000000000    45.000000000000007     0.000920523273809
  90.000000000000000   135.000000000000000     0.000920523273809
 -90.000000000000000    45.000000000000007     0.000920523273809
 -90.000000000000000   135.000000000000000     0.000920523273809
   0.000000000000000    45.000000000000007     0.000920523273809
   0.000000000000000   135.000000000000000     0.000920523273809
 180.000000000000000    45.000000000000007     0.000920523273809
 180.000000000000000   135.000000000000000     0.000920523273809
  45.000000000000000    90.000000000000000     0.000920523273809
 -45.000000000000000    90.000000000000000     0.000920523273809
 135.000000000000000    90.000000000000000     0.000920523273809
-135.000000000000000    90.000000000000000     0.000920523273809
  45.000000000000000    54.735610317245346     0.000913315978644
  45.000000000000000   125.264389682754654     0.000913315978644
 -45.000000000000000    54.735610317245346     0.000913315978644
 -45.000000000000000   125.264389682754654     0.000913315978644
 135.000000000000000    54.735610317245346     0.000913315978644
 135.000000000000000   125.264389682754654     0.000913315978644
-135.000000000000000    54.735610317245346     0.000913315978644
-135.000000000000000   125.264389682754654     0.000913315978644
  45.000000000000000     3.009676348834167     0.000369042189802
  45.000000000000000   176.990323651165852     0.000369042189802
 -45.000000000000000     3.009676348834167     0.000369042189802
 -45.000000000000000   176.990323651165852     0.000369042189802
 135.000000000000000     3.009676348834167     0.000369042189802
 135.000000000000000   176.990323651165852     0.000369042189802
-135.000000000000000     3.009676348834167     0.000369042189802
-135.000000000000000   176.990323651165852     0.000369042189802
  87.870858478503095    87.872327028977082     0.000369042189802
 -87.870858478503095    87.872327028977082     0.000369042189802
  87.870858478503095    92.127672971022918     0.000369042189802
 -87.870858478503095    92.127672971022918     0.000369042189802
  92.129141521496905    87.872327028977082     0.000369042189802
 -92.129141521496905    87.872327028977082     0.000369042189802
  92.129141521496905    92.127672971022918     0.000369042189802
 -92.129141521496905    92.127672971022918     0.000369042189802
   2.129141521496864    87.872327028977082     0.000369042189802
 177.870858478503152    87.872327028977082     0.000369042189802
   2.129141521496864    92.127672971022918     0.000369042189802
 177.870858478503152    92.127672971022918     0.000369042189802
  -2.129141521496864    87.872327028977082     0.000369042189802
-177.870858478503152    87.872327028977082     0.000369042189802
  -2.129141521496864    92.127672971022918     0.000369042189802
-177.870858478503152    92.127672971022918     0.000369042189802
  45.000000000000000     7.426831146455531     0.000560399092868
  45.000000000000000   172.573168853544473     0.000560399092868
 -45.000000000000000     7.426831146455531     0.000560399092868
 -45.000000000000000   172.573168853544473     0.000560399092868
 135.000000000000000     7.426831146455531     0.000560399092868
 135.000000000000000   172.573168853544473     0.000560399092868
-135.000000000000000     7.426831146455531     0.000560399092868
-135.000000000000000   172.573168853544473     0.000560399092868
  84.733706539197286    84.755812061913289     0.000560399092868
 -84.733706539197286    84.755812061913289     0.000560399092868
  84.733706539197286    95.244187938086711     0.000560399092868
 -84.733706539197286    95.244187938086711     0.000560399092868
  95.266293460802714    84.755812061913289     0.000560399092868
 -95.266293460802714    84.755812061913289     0.000560399092868
  95.266293460802714    95.244187938086711     0.000560399092868
 -95.266293460802714    95.244187938086711     0.000560399092868
   5.266293460802671    84.755812061913289     0.000560399092868
 174.733706539197328    84.755812061913289     0.000560399092868
   5.266293460802671    95.244187938086711     0.000560399092868
 174.733706539197328    95.244187938086711     0.000560399092868
  -5.266293460802671    84.755812061913289     0.000560399092868
-174.733706539197328    84.755812061913289     0.000560399092868
  -5.266293460802671    95.244187938086711     0.000560399092868
-174.733706539197328    95.244187938086711     0.000560399092868
  45.000000000000007    12.505134711853172     0.000686529762928
  45.000000000000007   167.494865288146855     0.000686529762928
 -45.000000000000007    12.505134711853172     0.000686529762928
 -45.000000000000007   167.494865288146855     0.000686529762928
 135.000000000000000    12.505134711853172     0.000686529762928
 135.000000000000000   167.494865288146855     0.000686529762928
-135.000000000000000    12.505134711853172     0.000686529762928
-135.000000000000000   167.494865288146855     0.000686529762928
  81.087000091010850    81.192929541608748     0.000686529762928
 -81.087000091010850    81.192929541608748     0.000686529762928
  81.087000091010850    98.807070458391252     0.000686529762928
 -81.087000091010850    98.807070458391252     0.000686529762928
  98.912999908989150    81.192929541608748     0.000686529762928
 -98.912999908989150    81.192929541608748     0.000686529762928
  98.912999908989150    98.807070458391252     0.000686529762928
 -98.912999908989150    98.807070458391252     0.000686529762928
   8.912999908989169    81.192929541608748     0.000686529762928
 171.087000091010850    81.192929541608748     0.000686529762928
   8.912999908989169    98.807070458391252     0.000686529762928
 171.087000091010850    98.807070458391252     0.000686529762928
  -8.912999908989169    81.192929541608748     0.000686529762928
-171.087000091010850    81.192929541608748     0.000686529762928
  -8.912999908989169    98.807070458391252     0.000686529762928
-171.087000091010850    98.807070458391252     0.000686529762928
  45.000000000000000    17.964635734425293     0.000772033855115
  45.000000000000000   162.035364265574685     0.000772033855115
 -45.000000000000000    17.964635734425293     0.000772033855115
 -45.000000000000000   162.035364265574685     0.000772033855115
 135.000000000000000    17.964635734425293     0.000772033855115
 135.000000000000000   162.035364265574685     0.000772033855115
-135.000000000000000    17.964635734425293     0.000772033855115
-135.000000000000000   162.035364265574685     0.000772033855115
  77.086939184663919    77.402956147259417     0.000772033855115
 -77.086939184663919    77.402956147259417     0.000772033855115
  77.086939184663919   102.597043852740583     0.000772033855115
 -77.086939184663919   102.597043852740583     0.000772033855115
 102.913060815336095    77.402956147259417     0.000772033855115
-102.913060815336095    77.402956147259417     0.000772033855115
 102.913060815336095   102.597043852740583     0.000772033855115
-102.913060815336095   102.597043852740583     0.000772033855115
  12.913060815336070    77.402956147259417     0.000772033855115
 167.086939184663947    77.402956147259417     0.000772033855115
  12.913060815336070   102.597043852740583     0.000772033855115
 167.086939184663947   102.597043852740583     0.000772033855115
 -12.913060815336070    77.402956147259417     0.000772033855115
-167.086939184663947    77.402956147259417     0.000772033855115
 -12.913060815336070   102.597043852740583     0.000772033855115
-167.086939184663947   102.597043852740583     0.000772033855115
  45.000000000000000    23.679423307402246     0.000830154595889
  45.000000000000000   156.320576692597740     0.000830154595889
 -45.000000000000000    23.679423307402246     0.000830154595889
 -45.000000000000000   156.320576692597740     0.000830154595889
 135.000000000000000    23.679423307402246     0.000830154595889
 135.000000000000000   156.320576692597740     0.000830154595889
-135.000000000000000    23.679423307402246     0.000830154595889
-135.000000000000000   156.320576692597740     0.000830154595889
  72.771579980461453    73.501666692256421     0.000830154595889
 -72.771579980461453    73.501666692256421     0.000830154595889
  72.771579980461453   106.498333307743579     0.000830154595889
 -72.771579980461453   106.498333307743579     0.000830154595889
 107.228420019538547    73.501666692256421     0.000830154595889
-107.228420019538547    73.501666692256421     0.000830154595889
 107.228420019538547   106.498333307743579     0.000830154595889
-107.228420019538547   106.498333307743579     0.000830154595889
  17.228420019538571    73.501666692256421     0.000830154595889
 162.771579980461439    73.501666692256421     0.000830154595889
  17.228420019538571   106.498333307743579     0.000830154595889
 162.771579980461439   106.498333307743579     0.000830154595889
 -17.228420019538571    73.501666692256421     0.000830154595889
-162.771579980461439    73.501666692256421     0.000830154595889
 -17.228420019538571   106.498333307743579     0.000830154595889
-162.771579980461439   106.498333307743579     0.000830154595889
  45.000000000000000    29.585846949043152     0.000868669255018
  45.000000000000000   150.414153050956855     0.000868669255018
 -45.000000000000000    29.585846949043152     0.000868669255018
 -45.000000000000000   150.414153050956855     0.000868669255018
 135.000000000000000    29.585846949043152     0.000868669255018
 135.000000000000000   150.414153050956855     0.000868669255018
-135.000000000000000    29.585846949043152     0.000868669255018
-135.000000000000000   150.414153050956855     0.000868669255018
  68.126436395939706    69.566637120129585     0.000868669255018
 -68.126436395939706    69.566637120129585     0.000868669255018
  68.126436395939706   110.433362879870415     0.000868669255018
 -68.126436395939706   110.433362879870415     0.000868669255018
 111.873563604060294    69.566637120129585     0.000868669255018
-111.873563604060294    69.566637120129585     0.000868669255018
 111.873563604060294   110.433362879870415     0.000868669255018
-111.873563604060294   110.433362879870415     0.000868669255018
  21.873563604060280    69.566637120129585     0.000868669255018
 158.126436395939749    69.566637120129585     0.000868669255018
  21.873563604060280   110.433362879870415     0.000868669255018
 158.126436395939749   110.433362879870415     0.000868669255018
 -21.873563604060280    69.566637120129585     0.000868669255018
-158.126436395939749    69.566637120129585     0.000868669255018
 -21.873563604060280   110.433362879870415     0.000868669255018
-158.126436395939749   110.433362879870415     0.000868669255018
  45.000000000000007    35.651841332170825     0.000892707628585
  45.000000000000007   144.348158667829182     0.000892707628585
 -45.000000000000007    35.651841332170825     0.000892707628585
 -45.000000000000007   144.348158667829182     0.000892707628585
 135.000000000000000    35.651841332170825     0.000892707628585
 135.000000000000000   144.348158667829182     0.000892707628585
-135.000000000000000    35.651841332170825     0.000892707628585
-135.000000000000000   144.348158667829182     0.000892707628585
  63.105553773791264    65.660464824895200     0.000892707628585
 -63.105553773791264    65.660464824895200     0.000892707628585
  63.105553773791264   114.339535175104814     0.000892707628585
 -63.105553773791264   114.339535175104814     0.000892707628585
 116.894446226208743    65.660464824895200     0.000892707628585
-116.894446226208743    65.660464824895200     0.000892707628585
 116.894446226208743   114.339535175104814     0.000892707628585
-116.894446226208743   114.339535175104814     0.000892707628585
  26.894446226208746    65.660464824895200     0.000892707628585
 153.105553773791257    65.660464824895200     0.000892707628585
  26.894446226208746   114.339535175104814     0.000892707628585
 153.105553773791257   114.339535175104814     0.000892707628585
 -26.894446226208746    65.660464824895200     0.000892707628585
-153.105553773791257    65.660464824895200     0.000892707628585
 -26.894446226208746   114.339535175104814     0.000892707628585
-153.105553773791257   114.339535175104814     0.000892707628585
  45.000000000000007    41.864132319396205     0.000906082023857
  45.000000000000007   138.135867680603781     0.000906082023857
 -45.000000000000007    41.864132319396205     0.000906082023857
 -45.000000000000007   138.135867680603781     0.000906082023857
 135.000000000000000    41.864132319396205     0.000906082023857
 135.000000000000000   138.135867680603781     0.000906082023857
-135.000000000000000    41.864132319396205     0.000906082023857
-135.000000000000000   138.135867680603781     0.000906082023857
  57.639524648550228    61.842340926474208     0.000906082023857
 -57.639524648550228    61.842340926474208     0.000906082023857
  57.639524648550228   118.157659073525807     0.000906082023857
 -57.639524648550228   118.157659073525807     0.000906082023857
 122.360475351449779    61.842340926474208     0.000906082023857
-122.360475351449779    61.842340926474208     0.000906082023857
 122.360475351449779   118.157659073525807     0.000906082023857
-122.360475351449779   118.157659073525807     0.000906082023857
  32.360475351449786    61.842340926474208     0.000906082023857
 147.639524648550207    61.842340926474208     0.000906082023857
  32.360475351449786   118.157659073525807     0.000906082023857
 147.639524648550207   118.157659073525807     0.000906082023857
 -32.360475351449786    61.842340926474208     0.000906082023857
-147.639524648550207    61.842340926474208     0.000906082023857
 -32.360475351449786   118.157659073525807     0.000906082023857
-147.639524648550207   118.157659073525807     0.000906082023857
  45.000000000000000    48.222301574892569     0.000911977725494
  45.000000000000000   131.777698425107445     0.000911977725494
 -45.000000000000000    48.222301574892569     0.000911977725494
 -45.000000000000000   131.777698425107445     0.000911977725494
 135.000000000000000    48.222301574892569     0.000911977725494
 135.000000000000000   131.777698425107445     0.000911977725494
-135.000000000000000    48.222301574892569     0.000911977725494
-135.000000000000000   131.777698425107445     0.000911977725494
  51.639241805274644    58.175811605365183     0.000911977725494
 -51.639241805274644    58.175811605365183     0.000911977725494
  51.639241805274644   121.824188394634831     0.000911977725494
 -51.639241805274644   121.824188394634831     0.000911977725494
 128.360758194725378    58.175811605365183     0.000911977725494
-128.360758194725378    58.175811605365183     0.000911977725494
 128.360758194725378   121.824188394634831     0.000911977725494
-128.360758194725378   121.824188394634831     0.000911977725494
  38.360758194725371    58.175811605365183     0.000911977725494
 141.639241805274622    58.175811605365183     0.000911977725494
  38.360758194725371   121.824188394634831     0.000911977725494
 141.639241805274622   121.824188394634831     0.000911977725494
 -38.360758194725371    58.175811605365183     0.000911977725494
-141.639241805274622    58.175811605365183     0.000911977725494
 -38.360758194725371   121.824188394634831     0.000911977725494
-141.639241805274622   121.824188394634831     0.000911977725494
  45.000000000000000    61.420288180266326     0.000912872013860
  45.000000000000000   118.579711819733674     0.000912872013860
 -45.000000000000000    61.420288180266326     0.000912872013860
 -45.000000000000000   118.579711819733674     0.000912872013860
 135.000000000000000    61.420288180266326     0.000912872013860
 135.000000000000000   118.579711819733674     0.000912872013860
-135.000000000000000    61.420288180266326     0.000912872013860
-135.000000000000000   118.579711819733674     0.000912872013860
  37.610827463802387    51.614638566095707     0.000912872013860
 -37.610827463802387    51.614638566095707     0.000912872013860
  37.610827463802387   128.385361433904308     0.000912872013860
 -37.610827463802387   128.385361433904308     0.000912872013860
 142.389172536197634    51.614638566095707     0.000912872013860
-142.389172536197634    51.614638566095707     0.000912872013860
 142.389172536197634   128.385361433904308     0.000912872013860
-142.389172536197634   128.385361433904308     0.000912872013860
  52.389172536197606    51.614638566095707     0.000912872013860
 127.610827463802394    51.614638566095707     0.000912872013860
  52.389172536197606   128.385361433904308     0.000912872013860
 127.610827463802394   128.385361433904308     0.000912872013860
 -52.389172536197606    51.614638566095707     0.000912872013860
-127.610827463802394    51.614638566095707     0.000912872013860
 -52.389172536197606   128.385361433904308     0.000912872013860
-127.610827463802394   128.385361433904308     0.000912872013860
  45.000000000000007    68.294813239453575     0.000913071493569
  45.000000000000007   111.705186760546425     0.000913071493569
 -45.000000000000007    68.294813239453575     0.000913071493569
 -45.000000000000007   111.705186760546425     0.000913071493569
 135.000000000000000    68.294813239453575     0.000913071493569
 135.000000000000000   111.705186760546425     0.000913071493569
-135.000000000000000    68.294813239453575     0.000913071493569
-135.000000000000000   111.705186760546425     0.000913071493569
  29.376562667980913    48.930632276871762     0.000913071493569
 -29.376562667980913    48.930632276871762     0.000913071493569
  29.376562667980913   131.069367723128238     0.000913071493569
 -29.376562667980913   131.069367723128238     0.000913071493569
 150.623437332019080    48.930632276871762     0.000913071493569
-150.623437332019080    48.930632276871762     0.000913071493569
 150.623437332019080   131.069367723128238     0.000913071493569
-150.623437332019080   131.069367723128238     0.000913071493569
  60.623437332019094    48.930632276871762     0.000913071493569
 119.376562667980906    48.930632276871762     0.000913071493569
  60.623437332019094   131.069367723128238     0.000913071493569
 119.376562667980906   131.069367723128238     0.000913071493569
 -60.623437332019094    48.930632276871762     0.000913071493569
-119.376562667980906    48.930632276871762     0.000913071493569
 -60.623437332019094   131.069367723128238     0.000913071493569
-119.376562667980906   131.069367723128238     0.000913071493569
  45.000000000000007    75.369529785339381     0.000915287378455
  45.000000000000007   104.630470214660633     0.000915287378455
 -45.000000000000007    75.369529785339381     0.000915287378455
 -45.000000000000007   104.630470214660633     0.000915287378455
 135.000000000000000    75.369529785339381     0.000915287378455
 135.000000000000000   104.630470214660633     0.000915287378455
-135.000000000000000    75.369529785339381     0.000915287378455
-135.000000000000000   104.630470214660633     0.000915287378455
  20.263050216472777    46.828938971722806     0.000915287378455
 -20.263050216472777    46.828938971722806     0.000915287378455
  20.263050216472777   133.171061028277194     0.000915287378455
 -20.263050216472777   133.171061028277194     0.000915287378455
 159.736949783527251    46.828938971722806     0.000915287378455
-159.736949783527251    46.828938971722806     0.000915287378455
 159.736949783527251   133.171061028277194     0.000915287378455
-159.736949783527251   133.171061028277194     0.000915287378455
  69.736949783527223    46.828938971722806     0.000915287378455
 110.263050216472791    46.828938971722806     0.000915287378455
  69.736949783527223   133.171061028277194     0.000915287378455
 110.263050216472791   133.171061028277194     0.000915287378455
 -69.736949783527223    46.828938971722806     0.000915287378455
-110.263050216472791    46.828938971722806     0.000915287378455
 -69.736949783527223   133.171061028277194     0.000915287378455
-110.263050216472791   133.171061028277194     0.000915287378455
  45.000000000000000    82.627120261736692     0.000918743627432
  45.000000000000000    97.372879738263322     0.000918743627432
 -45.000000000000000    82.627120261736692     0.000918743627432
 -45.000000000000000    97.372879738263322     0.000918743627432
 135.000000000000000    82.627120261736692     0.000918743627432
 135.000000000000000    97.372879738263322     0.000918743627432
-135.000000000000000    82.627120261736692     0.000918743627432
-135.000000000000000    97.372879738263322     0.000918743627432
  10.370025594218639    45.471783605922354     0.000918743627432
 -10.370025594218639    45.471783605922354     0.000918743627432
  10.370025594218639   134.528216394077646     0.000918743627432
 -10.370025594218639   134.528216394077646     0.000918743627432
 169.629974405781354    45.471783605922354     0.000918743627432
-169.629974405781354    45.471783605922354     0.000918743627432
 169.629974405781354   134.528216394077646     0.000918743627432
-169.629974405781354   134.528216394077646     0.000918743627432
  79.629974405781326    45.471783605922354     0.000918743627432
 100.370025594218689    45.471783605922354     0.000918743627432
  79.629974405781326   134.528216394077646     0.000918743627432
 100.370025594218689   134.528216394077646     0.000918743627432
 -79.629974405781326    45.471783605922354     0.000918743627432
-100.370025594218689    45.471783605922354     0.000918743627432
 -79.629974405781326   134.528216394077646     0.000918743627432
-100.370025594218689   134.528216394077646     0.000918743627432
  83.843864530982529    90.000000000000000     0.000517697731297
 -83.843864530982529    90.000000000000000     0.000517697731297
  96.156135469017485    90.000000000000000     0.000517697731297
 -96.156135469017485    90.000000000000000     0.000517697731297
   6.156135469017462    90.000000000000000     0.000517697731297
  -6.156135469017462    90.000000000000000     0.000517697731297
 173.843864530982557    90.000000000000000     0.000517697731297
-173.843864530982557    90.000000000000000     0.000517697731297
   0.000000000000000     6.156135469017462     0.000517697731297
   0.000000000000000   173.843864530982557     0.000517697731297
 180.000000000000000     6.156135469017462     0.000517697731297
 180.000000000000000   173.843864530982557     0.000517697731297
   0.000000000000000    83.843864530982529     0.000517697731297
   0.000000000000000    96.156135469017485     0.000517697731297
 180.000000000000000    83.843864530982529     0.000517697731297
 180.000000000000000    96.156135469017485     0.000517697731297
  90.000000000000000     6.156135469017462     0.000517697731297
  90.000000000000000   173.843864530982557     0.000517697731297
 -90.000000000000000     6.156135469017462     0.000517697731297
 -90.000000000000000   173.843864530982557     0.000517697731297
  90.000000000000000    83.843864530982529     0.000517697731297
  90.000000000000000    96.156135469017485     0.000517697731297
 -90.000000000000000    83.843864530982529     0.000517697731297
 -90.000000000000000    96.156135469017485     0.000517697731297
  75.036307744185052    90.000000000000000     0.000733114368210
 -75.036307744185052    90.000000000000000     0.000733114368210
 104.963692255814948    90.000000000000000     0.000733114368210
-104.963692255814948    90.000000000000000     0.000733114368210
  14.963692255814941    90.000000000000000     0.000733114368210
 -14.963692255814941    90.000000000000000     0.000733114368210
 165.036307744185052    90.000000000000000     0.000733114368210
-165.036307744185052    90.000000000000000     0.000733114368210
   0.000000000000000    14.963692255814941     0.000733114368210
   0.000000000000000   165.036307744185052     0.000733114368210
 180.000000000000000    14.963692255814941     0.000733114368210
 180.000000000000000   165.036307744185052     0.000733114368210
   0.000000000000000    75.036307744185052     0.000733114368210
   0.000000000000000   104.963692255814948     0.000733114368210
 180.000000000000000    75.036307744185052     0.000733114368210
 180.000000000000000   104.963692255814948     0.000733114368210
  90.000000000000000    14.963692255814941     0.000733114368210
  90.000000000000000   165.036307744185052     0.000733114368210
 -90.000000000000000    14.963692255814941     0.000733114368210
 -90.000000000000000   165.036307744185052     0.000733114368210
  90.000000000000000    75.036307744185052     0.000733114368210
  90.000000000000000   104.963692255814948     0.000733114368210
 -90.000000000000000    75.036307744185052     0.000733114368210
 -90.000000000000000   104.963692255814948     0.000733114368210
  65.337315373605250    90.000000000000000     0.000846323283638
 -65.337315373605250    90.000000000000000     0.000846323283638
 114.662684626394764    90.000000000000000     0.000846323283638
-114.662684626394764    90.000000000000000     0.000846323283638
  24.662684626394753    90.000000000000000     0.000846323283638
 -24.662684626394753    90.000000000000000     0.000846323283638
 155.337315373605264    90.000000000000000     0.000846323283638
-155.337315373605264    90.000000000000000     0.000846323283638
   0.000000000000000    24.662684626394753     0.000846323283638
   0.000000000000000   155.337315373605264     0.000846323283638
 180.000000000000000    24.662684626394753     0.000846323283638
 180.000000000000000   155.337315373605264     0.000846323283638
   0.000000000000000    65.337315373605250     0.000846323283638
   0.000000000000000   114.662684626394764     0.000846323283638
 180.000000000000000    65.337315373605250     0.000846323283638
 180.000000000000000   114.662684626394764     0.000846323283638
  90.000000000000000    24.662684626394753     0.000846323283638
  90.000000000000000   155.337315373605264     0.000846323283638
 -90.000000000000000    24.662684626394753     0.000846323283638
 -90.000000000000000   155.337315373605264     0.000846323283638
  90.000000000000000    65.337315373605250     0.000846323283638
  90.000000000000000   114.662684626394764     0.000846323283638
 -90.000000000000000    65.337315373605250     0.000846323283638
 -90.000000000000000   114.662684626394764     0.000846323283638
  55.247215619332813    90.000000000000000     0.000903112269425
 -55.247215619332813    90.000000000000000     0.000903112269425
 124.752784380667194    90.000000000000000     0.000903112269425
-124.752784380667194    90.000000000000000     0.000903112269425
  34.752784380667194    90.000000000000000     0.000903112269425
 -34.752784380667194    90.000000000000000     0.000903112269425
 145.247215619332792    90.000000000000000     0.000903112269425
-145.247215619332792    90.000000000000000     0.000903112269425
   0.000000000000000    34.752784380667194     0.000903112269425
   0.000000000000000   145.247215619332792     0.000903112269425
 180.000000000000000    34.752784380667194     0.000903112269425
 180.000000000000000   145.247215619332792     0.000903112269425
   0.000000000000000    55.247215619332813     0.000903112269425
   0.000000000000000   124.752784380667194     0.000903112269425
 180.000000000000000    55.247215619332813     0.000903112269425
 180.000000000000000   124.752784380667194     0.000903112269425
  90.000000000000000    34.752784380667194     0.000903112269425
  90.000000000000000   145.247215619332792     0.000903112269425
 -90.000000000000000    34.752784380667194     0.000903112269425
 -90.000000000000000   145.247215619332792     0.000903112269425
  90.000000000000000    55.247215619332813     0.000903112269425
  90.000000000000000   124.752784380667194     0.000903112269425
 -90.000000000000000    55.247215619332813     0.000903112269425
 -90.000000000000000   124.752784380667194     0.000903112269425
  10.219425935472154    87.013170874646178     0.000648577845316
  10.219425935472154    92.986829125353836     0.000648577845316
 -10.219425935472154    87.013170874646178     0.000648577845316
 -10.219425935472154    92.986829125353836     0.000648577845316
 169.780574064527855    87.013170874646178     0.000648577845316
 169.780574064527855    92.986829125353836     0.000648577845316
-169.780574064527855    87.013170874646178     0.000648577845316
-169.780574064527855    92.986829125353836     0.000648577845316
   3.034888193767870    79.794605560998392     0.000648577845316
   3.034888193767870   100.205394439001594     0.000648577845316
  -3.034888193767870    79.794605560998392     0.000648577845316
  -3.034888193767870   100.205394439001594     0.000648577845316
 176.965111806232130    79.794605560998392     0.000648577845316
 176.965111806232130   100.205394439001594     0.000648577845316
-176.965111806232130    79.794605560998392     0.000648577845316
-176.965111806232130   100.205394439001594     0.000648577845316
  79.780574064527855    87.013170874646178     0.000648577845316
  79.780574064527855    92.986829125353836     0.000648577845316
 -79.780574064527855    87.013170874646178     0.000648577845316
 -79.780574064527855    92.986829125353836     0.000648577845316
 100.219425935472145    87.013170874646178     0.000648577845316
 100.219425935472145    92.986829125353836     0.000648577845316
-100.219425935472145    87.013170874646178     0.000648577845316
-100.219425935472145    92.986829125353836     0.000648577845316
  16.388169453560749    10.642508767955142     0.000648577845316
  16.388169453560749   169.357491232044879     0.000648577845316
 -16.388169453560749    10.642508767955142     0.000648577845316
 -16.388169453560749   169.357491232044879     0.000648577845316
 163.611830546439251    10.642508767955142     0.000648577845316
 163.611830546439251   169.357491232044879     0.000648577845316
-163.611830546439251    10.642508767955142     0.000648577845316
-163.611830546439251   169.357491232044879     0.000648577845316
  86.965111806232130    79.794605560998392     0.000648577845316
  86.965111806232130   100.205394439001594     0.000648577845316
 -86.965111806232130    79.794605560998392     0.000648577845316
 -86.965111806232130   100.205394439001594     0.000648577845316
  93.034888193767884    79.794605560998392     0.000648577845316
  93.034888193767884   100.205394439001594     0.000648577845316
 -93.034888193767884    79.794605560998392     0.000648577845316
 -93.034888193767884   100.205394439001594     0.000648577845316
  73.611830546439251    10.642508767955142     0.000648577845316
  73.611830546439251   169.357491232044879     0.000648577845316
 -73.611830546439251    10.642508767955142     0.000648577845316
 -73.611830546439251   169.357491232044879     0.000648577845316
 106.388169453560764    10.642508767955142     0.000648577845316
 106.388169453560764   169.357491232044879     0.000648577845316
-106.388169453560764    10.642508767955142     0.000648577845316
-106.388169453560764   169.357491232044879     0.000648577845316
  14.425851801240272    83.594513309763272     0.000743503091098
  14.425851801240272    96.405486690236728     0.000743503091098
 -14.425851801240272    83.594513309763272     0.000743503091098
 -14.425851801240272    96.405486690236728     0.000743503091098
 165.574148198759730    83.594513309763272     0.000743503091098
 165.574148198759730    96.405486690236728     0.000743503091098
-165.574148198759730    83.594513309763272     0.000743503091098
-165.574148198759730    96.405486690236728     0.000743503091098
   6.612203224289449    75.666138874853715     0.000743503091098
   6.612203224289449   104.333861125146299     0.000743503091098
  -6.612203224289449    75.666138874853715     0.000743503091098
  -6.612203224289449   104.333861125146299     0.000743503091098
 173.387796775710569    75.666138874853715     0.000743503091098
 173.387796775710569   104.333861125146299     0.000743503091098
-173.387796775710569    75.666138874853715     0.000743503091098
-173.387796775710569   104.333861125146299     0.000743503091098
  75.574148198759744    83.594513309763272     0.000743503091098
  75.574148198759744    96.405486690236728     0.000743503091098
 -75.574148198759744    83.594513309763272     0.000743503091098
 -75.574148198759744    96.405486690236728     0.000743503091098
 104.425851801240256    83.594513309763272     0.000743503091098
 104.425851801240256    96.405486690236728     0.000743503091098
-104.425851801240256    83.594513309763272     0.000743503091098
-104.425851801240256    96.405486690236728     0.000743503091098
  24.257926179194680    15.756397305037408     0.000743503091098
  24.257926179194680   164.243602694962590     0.000743503091098
 -24.257926179194680    15.756397305037408     0.000743503091098
 -24.257926179194680   164.243602694962590     0.000743503091098
 155.742073820805331    15.756397305037408     0.000743503091098
 155.742073820805331   164.243602694962590     0.000743503091098
-155.742073820805331    15.756397305037408     0.000743503091098
-155.742073820805331   164.243602694962590     0.000743503091098
  83.387796775710498    75.666138874853715     0.000743503091098
  83.387796775710498   104.333861125146299     0.000743503091098
 -83.387796775710498    75.666138874853715     0.000743503091098
 -83.387796775710498   104.333861125146299     0.000743503091098
  96.612203224289516    75.666138874853715     0.000743503091098
  96.612203224289516   104.333861125146299     0.000743503091098
 -96.612203224289516    75.666138874853715     0.000743503091098
 -96.612203224289516   104.333861125146299     0.000743503091098
  65.742073820805317    15.756397305037408     0.000743503091098
  65.742073820805317   164.243602694962590     0.000743503091098
 -65.742073820805317    15.756397305037408     0.000743503091098
 -65.742073820805317   164.243602694962590     0.000743503091098
 114.257926179194698    15.756397305037408     0.000743503091098
 114.257926179194698   164.243602694962590     0.000743503091098
-114.257926179194698    15.756397305037408     0.000743503091098
-114.257926179194698   164.243602694962590     0.000743503091098
  19.636291102770695    86.614204747007904     0.000799852789184
  19.636291102770695    93.385795252992096     0.000799852789184
 -19.636291102770695    86.614204747007904     0.000799852789184
 -19.636291102770695    93.385795252992096     0.000799852789184
 160.363708897229316    86.614204747007904     0.000799852789184
 160.363708897229316    93.385795252992096     0.000799852789184
-160.363708897229316    86.614204747007904     0.000799852789184
-160.363708897229316    93.385795252992096     0.000799852789184
   3.594322607884542    70.399388202597592     0.000799852789184
   3.594322607884542   109.600611797402422     0.000799852789184
  -3.594322607884542    70.399388202597592     0.000799852789184
  -3.594322607884542   109.600611797402422     0.000799852789184
 176.405677392115479    70.399388202597592     0.000799852789184
 176.405677392115479   109.600611797402422     0.000799852789184
-176.405677392115479    70.399388202597592     0.000799852789184
-176.405677392115479   109.600611797402422     0.000799852789184
  70.363708897229301    86.614204747007904     0.000799852789184
  70.363708897229301    93.385795252992096     0.000799852789184
 -70.363708897229301    86.614204747007904     0.000799852789184
 -70.363708897229301    93.385795252992096     0.000799852789184
 109.636291102770699    86.614204747007904     0.000799852789184
 109.636291102770699    93.385795252992096     0.000799852789184
-109.636291102770699    86.614204747007904     0.000799852789184
-109.636291102770699    93.385795252992096     0.000799852789184
   9.984751900808213    19.914694569622590     0.000799852789184
   9.984751900808213   160.085305430377417     0.000799852789184
  -9.984751900808213    19.914694569622590     0.000799852789184
  -9.984751900808213   160.085305430377417     0.000799852789184
 170.015248099191808    19.914694569622590     0.000799852789184
 170.015248099191808   160.085305430377417     0.000799852789184
-170.015248099191808    19.914694569622590     0.000799852789184
-170.015248099191808   160.085305430377417     0.000799852789184
  86.405677392115479    70.399388202597592     0.000799852789184
  86.405677392115479   109.600611797402422     0.000799852789184
 -86.405677392115479    70.399388202597592     0.000799852789184
 -86.405677392115479   109.600611797402422     0.000799852789184
  93.594322607884521    70.399388202597592     0.000799852789184
  93.594322607884521   109.600611797402422     0.000799852789184
 -93.594322607884521    70.399388202597592     0.000799852789184
 -93.594322607884521   109.600611797402422     0.000799852789184
  80.015248099191808    19.914694569622590     0.000799852789184
  80.015248099191808   160.085305430377417     0.000799852789184
 -80.015248099191808    19.914694569622590     0.000799852789184
 -80.015248099191808   160.085305430377417     0.000799852789184
  99.984751900808206    19.914694569622590     0.000799852789184
  99.984751900808206   160.085305430377417     0.000799852789184
 -99.984751900808206    19.914694569622590     0.000799852789184
 -99.984751900808206   160.085305430377417     0.000799852789184
  18.803021991961142    79.941408366939697     0.000810173149747
  18.803021991961142   100.058591633060317     0.000810173149747
 -18.803021991961142    79.941408366939697     0.000810173149747
 -18.803021991961142   100.058591633060317     0.000810173149747
 161.196978008038883    79.941408366939697     0.000810173149747
 161.196978008038883   100.058591633060317     0.000810173149747
-161.196978008038883    79.941408366939697     0.000810173149747
-161.196978008038883   100.058591633060317     0.000810173149747
  10.613108422075008    71.496564101573981     0.000810173149747
  10.613108422075008   108.503435898426034     0.000810173149747
 -10.613108422075008    71.496564101573981     0.000810173149747
 -10.613108422075008   108.503435898426034     0.000810173149747
 169.386891577924985    71.496564101573981     0.000810173149747
 169.386891577924985   108.503435898426034     0.000810173149747
-169.386891577924985    71.496564101573981     0.000810173149747
-169.386891577924985   108.503435898426034     0.000810173149747
  71.196978008038869    79.941408366939697     0.000810173149747
  71.196978008038869   100.058591633060317     0.000810173149747
 -71.196978008038869    79.941408366939697     0.000810173149747
 -71.196978008038869   100.058591633060317     0.000810173149747
 108.803021991961131    79.941408366939697     0.000810173149747
 108.803021991961131   100.058591633060317     0.000810173149747
-108.803021991961131    79.941408366939697     0.000810173149747
-108.803021991961131   100.058591633060317     0.000810173149747
  28.825529813848703    21.238245742208580     0.000810173149747
  28.825529813848703   158.761754257791438     0.000810173149747
 -28.825529813848703    21.238245742208580     0.000810173149747
 -28.825529813848703   158.761754257791438     0.000810173149747
 151.174470186151297    21.238245742208580     0.000810173149747
 151.174470186151297   158.761754257791438     0.000810173149747
-151.174470186151297    21.238245742208580     0.000810173149747
-151.174470186151297   158.761754257791438     0.000810173149747
  79.386891577924970    71.496564101573981     0.000810173149747
  79.386891577924970   108.503435898426034     0.000810173149747
 -79.386891577924970    71.496564101573981     0.000810173149747
 -79.386891577924970   108.503435898426034     0.000810173149747
 100.613108422075044    71.496564101573981     0.000810173149747
 100.613108422075044   108.503435898426034     0.000810173149747
-100.613108422075044    71.496564101573981     0.000810173149747
-100.613108422075044   108.503435898426034     0.000810173149747
  61.174470186151304    21.238245742208580     0.000810173149747
  61.174470186151304   158.761754257791438     0.000810173149747
 -61.174470186151304    21.238245742208580     0.000810173149747
 -61.174470186151304   158.761754257791438     0.000810173149747
 118.825529813848689    21.238245742208580     0.000810173149747
 118.825529813848689   158.761754257791438     0.000810173149747
-118.825529813848689    21.238245742208580     0.000810173149747
-118.825529813848689   158.761754257791438     0.000810173149747
  24.336264356042587    83.008418594408596     0.000848338957459
  24.336264356042587    96.991581405591404     0.000848338957459
 -24.336264356042587    83.008418594408596     0.000848338957459
 -24.336264356042587    96.991581405591404     0.000848338957459
 155.663735643957409    83.008418594408596     0.000848338957459
 155.663735643957409    96.991581405591404     0.000848338957459
-155.663735643957409    83.008418594408596     0.000848338957459
-155.663735643957409    96.991581405591404     0.000848338957459
   7.665667811358028    65.856282769190628     0.000848338957459
   7.665667811358028   114.143717230809372     0.000848338957459
  -7.665667811358028    65.856282769190628     0.000848338957459
  -7.665667811358028   114.143717230809372     0.000848338957459
 172.334332188641980    65.856282769190628     0.000848338957459
 172.334332188641980   114.143717230809372     0.000848338957459
-172.334332188641980    65.856282769190628     0.000848338957459
-172.334332188641980   114.143717230809372     0.000848338957459
  65.663735643957409    83.008418594408596     0.000848338957459
  65.663735643957409    96.991581405591404     0.000848338957459
 -65.663735643957409    83.008418594408596     0.000848338957459
 -65.663735643957409    96.991581405591404     0.000848338957459
 114.336264356042605    83.008418594408596     0.000848338957459
 114.336264356042605    96.991581405591404     0.000848338957459
-114.336264356042605    83.008418594408596     0.000848338957459
-114.336264356042605    96.991581405591404     0.000848338957459
  16.572634180484236    25.261780531375749     0.000848338957459
  16.572634180484236   154.738219468624237     0.000848338957459
 -16.572634180484236    25.261780531375749     0.000848338957459
 -16.572634180484236   154.738219468624237     0.000848338957459
 163.427365819515757    25.261780531375749     0.000848338957459
 163.427365819515757   154.738219468624237     0.000848338957459
-163.427365819515757    25.261780531375749     0.000848338957459
-163.427365819515757   154.738219468624237     0.000848338957459
  82.334332188642009    65.856282769190628     0.000848338957459
  82.334332188642009   114.143717230809372     0.000848338957459
 -82.334332188642009    65.856282769190628     0.000848338957459
 -82.334332188642009   114.143717230809372     0.000848338957459
  97.665667811358006    65.856282769190628     0.000848338957459
  97.665667811358006   114.143717230809372     0.000848338957459
 -97.665667811358006    65.856282769190628     0.000848338957459
 -97.665667811358006   114.143717230809372     0.000848338957459
  73.427365819515757    25.261780531375749     0.000848338957459
  73.427365819515757   154.738219468624237     0.000848338957459
 -73.427365819515757    25.261780531375749     0.000848338957459
 -73.427365819515757   154.738219468624237     0.000848338957459
 106.572634180484243    25.261780531375749     0.000848338957459
 106.572634180484243   154.738219468624237     0.000848338957459
-106.572634180484243    25.261780531375749     0.000848338957459
-106.572634180484243   154.738219468624237     0.000848338957459
  23.386721651405566    76.170829725520420     0.000855629925731
  23.386721651405566   103.829170274479594     0.000855629925731
 -23.386721651405566    76.170829725520420     0.000855629925731
 -23.386721651405566   103.829170274479594     0.000855629925731
 156.613278348594434    76.170829725520420     0.000855629925731
 156.613278348594434   103.829170274479594     0.000855629925731
-156.613278348594434    76.170829725520420     0.000855629925731
-156.613278348594434   103.829170274479594     0.000855629925731
  15.013231459821785    67.329617168629724     0.000855629925731
  15.013231459821785   112.670382831370290     0.000855629925731
 -15.013231459821785    67.329617168629724     0.000855629925731
 -15.013231459821785   112.670382831370290     0.000855629925731
 164.986768540178218    67.329617168629724     0.000855629925731
 164.986768540178218   112.670382831370290     0.000855629925731
-164.986768540178218    67.329617168629724     0.000855629925731
-164.986768540178218   112.670382831370290     0.000855629925731
  66.613278348594434    76.170829725520420     0.000855629925731
  66.613278348594434   103.829170274479594     0.000855629925731
 -66.613278348594434    76.170829725520420     0.000855629925731
 -66.613278348594434   103.829170274479594     0.000855629925731
 113.386721651405580    76.170829725520420     0.000855629925731
 113.386721651405580   103.829170274479594     0.000855629925731
-113.386721651405580    76.170829725520420     0.000855629925731
-113.386721651405580   103.829170274479594     0.000855629925731
  31.805547961329840    26.970423837328728     0.000855629925731
  31.805547961329840   153.029576162671276     0.000855629925731
 -31.805547961329840    26.970423837328728     0.000855629925731
 -31.805547961329840   153.029576162671276     0.000855629925731
 148.194452038670164    26.970423837328728     0.000855629925731
 148.194452038670164   153.029576162671276     0.000855629925731
-148.194452038670164    26.970423837328728     0.000855629925731
-148.194452038670164   153.029576162671276     0.000855629925731
  74.986768540178204    67.329617168629724     0.000855629925731
  74.986768540178204   112.670382831370290     0.000855629925731
 -74.986768540178204    67.329617168629724     0.000855629925731
 -74.986768540178204   112.670382831370290     0.000855629925731
 105.013231459821810    67.329617168629724     0.000855629925731
 105.013231459821810   112.670382831370290     0.000855629925731
-105.013231459821810    67.329617168629724     0.000855629925731
-105.013231459821810   112.670382831370290     0.000855629925731
  58.194452038670178    26.970423837328728     0.000855629925731
  58.194452038670178   153.029576162671276     0.000855629925731
 -58.194452038670178    26.970423837328728     0.000855629925731
 -58.194452038670178   153.029576162671276     0.000855629925731
 121.805547961329836    26.970423837328728     0.000855629925731
 121.805547961329836   153.029576162671276     0.000855629925731
-121.805547961329836    26.970423837328728     0.000855629925731
-121.805547961329836   153.029576162671276     0.000855629925731
  29.616571003096944    86.407349093293519     0.000880320867974
  29.616571003096944    93.592650906706481     0.000880320867974
 -29.616571003096944    86.407349093293519     0.000880320867974
 -29.616571003096944    93.592650906706481     0.000880320867974
 150.383428996903064    86.407349093293519     0.000880320867974
 150.383428996903064    93.592650906706481     0.000880320867974
-150.383428996903064    86.407349093293519     0.000880320867974
-150.383428996903064    93.592650906706481     0.000880320867974
   4.130814191849138    60.447417000595003     0.000880320867974
   4.130814191849138   119.552582999405004     0.000880320867974
  -4.130814191849138    60.447417000595003     0.000880320867974
  -4.130814191849138   119.552582999405004     0.000880320867974
 175.869185808150860    60.447417000595003     0.000880320867974
 175.869185808150860   119.552582999405004     0.000880320867974
-175.869185808150860    60.447417000595003     0.000880320867974
-175.869185808150860   119.552582999405004     0.000880320867974
  60.383428996903049    86.407349093293519     0.000880320867974
  60.383428996903049    93.592650906706481     0.000880320867974
 -60.383428996903049    86.407349093293519     0.000880320867974
 -60.383428996903049    93.592650906706481     0.000880320867974
 119.616571003096965    86.407349093293519     0.000880320867974
 119.616571003096965    93.592650906706481     0.000880320867974
-119.616571003096965    86.407349093293519     0.000880320867974
-119.616571003096965    93.592650906706481     0.000880320867974
   7.240480423606228    29.814049665240645     0.000880320867974
   7.240480423606228   150.185950334759355     0.000880320867974
  -7.240480423606228    29.814049665240645     0.000880320867974
  -7.240480423606228   150.185950334759355     0.000880320867974
 172.759519576393785    29.814049665240645     0.000880320867974
 172.759519576393785   150.185950334759355     0.000880320867974
-172.759519576393785    29.814049665240645     0.000880320867974
-172.759519576393785   150.185950334759355     0.000880320867974
  85.869185808150860    60.447417000595003     0.000880320867974
  85.869185808150860   119.552582999405004     0.000880320867974
 -85.869185808150860    60.447417000595003     0.000880320867974
 -85.869185808150860   119.552582999405004     0.000880320867974
  94.130814191849140    60.447417000595003     0.000880320867974
  94.130814191849140   119.552582999405004     0.000880320867974
 -94.130814191849140    60.447417000595003     0.000880320867974
 -94.130814191849140   119.552582999405004     0.000880320867974
  82.759519576393757    29.814049665240645     0.000880320867974
  82.759519576393757   150.185950334759355     0.000880320867974
 -82.759519576393757    29.814049665240645     0.000880320867974
 -82.759519576393757   150.185950334759355     0.000880320867974
  97.240480423606243    29.814049665240645     0.000880320867974
  97.240480423606243   150.185950334759355     0.000880320867974
 -97.240480423606243    29.814049665240645     0.000880320867974
 -97.240480423606243   150.185950334759355     0.000880320867974
  29.144081527444815    79.295107546073297     0.000881104818243
  29.144081527444815   100.704892453926718     0.000881104818243
 -29.144081527444815    79.295107546073297     0.000881104818243
 -29.144081527444815   100.704892453926718     0.000881104818243
 150.855918472555175    79.295107546073297     0.000881104818243
 150.855918472555175   100.704892453926718     0.000881104818243
-150.855918472555175    79.295107546073297     0.000881104818243
-150.855918472555175   100.704892453926718     0.000881104818243
  12.212854157621377    61.410427148006420     0.000881104818243
  12.212854157621377   118.589572851993594     0.000881104818243
 -12.212854157621377    61.410427148006420     0.000881104818243
 -12.212854157621377   118.589572851993594     0.000881104818243
 167.787145842378635    61.410427148006420     0.000881104818243
 167.787145842378635   118.589572851993594     0.000881104818243
-167.787145842378635    61.410427148006420     0.000881104818243
-167.787145842378635   118.589572851993594     0.000881104818243
  60.855918472555196    79.295107546073297     0.000881104818243
  60.855918472555196   100.704892453926718     0.000881104818243
 -60.855918472555196    79.295107546073297     0.000881104818243
 -60.855918472555196   100.704892453926718     0.000881104818243
 119.144081527444811    79.295107546073297     0.000881104818243
 119.144081527444811   100.704892453926718     0.000881104818243
-119.144081527444811    79.295107546073297     0.000881104818243
-119.144081527444811   100.704892453926718     0.000881104818243
  21.214585964685394    30.885147615306529     0.000881104818243
  21.214585964685394   149.114852384693478     0.000881104818243
 -21.214585964685394    30.885147615306529     0.000881104818243
 -21.214585964685394   149.114852384693478     0.000881104818243
 158.785414035314631    30.885147615306529     0.000881104818243
 158.785414035314631   149.114852384693478     0.000881104818243
-158.785414035314631    30.885147615306529     0.000881104818243
-158.785414035314631   149.114852384693478     0.000881104818243
  77.787145842378621    61.410427148006420     0.000881104818243
  77.787145842378621   118.589572851993594     0.000881104818243
 -77.787145842378621    61.410427148006420     0.000881104818243
 -77.787145842378621   118.589572851993594     0.000881104818243
 102.212854157621393    61.410427148006420     0.000881104818243
 102.212854157621393   118.589572851993594     0.000881104818243
-102.212854157621393    61.410427148006420     0.000881104818243
-102.212854157621393   118.589572851993594     0.000881104818243
  68.785414035314616    30.885147615306529     0.000881104818243
  68.785414035314616   149.114852384693478     0.000881104818243
 -68.785414035314616    30.885147615306529     0.000881104818243
 -68.785414035314616   149.114852384693478     0.000881104818243
 111.214585964685384    30.885147615306529     0.000881104818243
 111.214585964685384   149.114852384693478     0.000881104818243
-111.214585964685384    30.885147615306529     0.000881104818243
-111.214585964685384   149.114852384693478     0.000881104818243
  28.227143099575610    72.365325134150609     0.000885028234127
  28.227143099575610   107.634674865849405     0.000885028234127
 -28.227143099575610    72.365325134150609     0.000885028234127
 -28.227143099575610   107.634674865849405     0.000885028234127
 151.772856900424387    72.365325134150609     0.000885028234127
 151.772856900424387   107.634674865849405     0.000885028234127
-151.772856900424387    72.365325134150609     0.000885028234127
-151.772856900424387   107.634674865849405     0.000885028234127
  19.838950272775268    63.208683484485910     0.000885028234127
  19.838950272775268   116.791316515514097     0.000885028234127
 -19.838950272775268    63.208683484485910     0.000885028234127
 -19.838950272775268   116.791316515514097     0.000885028234127
 160.161049727224736    63.208683484485910     0.000885028234127
 160.161049727224736   116.791316515514097     0.000885028234127
-160.161049727224736    63.208683484485910     0.000885028234127
-160.161049727224736   116.791316515514097     0.000885028234127
  61.772856900424387    72.365325134150609     0.000885028234127
  61.772856900424387   107.634674865849405     0.000885028234127
 -61.772856900424387    72.365325134150609     0.000885028234127
 -61.772856900424387   107.634674865849405     0.000885028234127
 118.227143099575613    72.365325134150609     0.000885028234127
 118.227143099575613   107.634674865849405     0.000885028234127
-118.227143099575613    72.365325134150609     0.000885028234127
-118.227143099575613   107.634674865849405     0.000885028234127
  33.905295036972802    32.894145444612214     0.000885028234127
  33.905295036972802   147.105854555387793     0.000885028234127
 -33.905295036972802    32.894145444612214     0.000885028234127
 -33.905295036972802   147.105854555387793     0.000885028234127
 146.094704963027198    32.894145444612214     0.000885028234127
 146.094704963027198   147.105854555387793     0.000885028234127
-146.094704963027198    32.894145444612214     0.000885028234127
-146.094704963027198   147.105854555387793     0.000885028234127
  70.161049727224750    63.208683484485910     0.000885028234127
  70.161049727224750   116.791316515514097     0.000885028234127
 -70.161049727224750    63.208683484485910     0.000885028234127
 -70.161049727224750   116.791316515514097     0.000885028234127
 109.838950272775264    63.208683484485910     0.000885028234127
 109.838950272775264   116.791316515514097     0.000885028234127
-109.838950272775264    63.208683484485910     0.000885028234127
-109.838950272775264   116.791316515514097     0.000885028234127
  56.094704963027212    32.894145444612214     0.000885028234127
  56.094704963027212   147.105854555387793     0.000885028234127
 -56.094704963027212    32.894145444612214     0.000885028234127
 -56.094704963027212   147.105854555387793     0.000885028234127
 123.905295036972802    32.894145444612214     0.000885028234127
 123.905295036972802   147.105854555387793     0.000885028234127
-123.905295036972802    32.894145444612214     0.000885028234127
-123.905295036972802   147.105854555387793     0.000885028234127
  34.596518420792954    82.716585382094507     0.000902134229904
  34.596518420792954    97.283414617905507     0.000902134229904
 -34.596518420792954    82.716585382094507     0.000902134229904
 -34.596518420792954    97.283414617905507     0.000902134229904
 145.403481579207067    82.716585382094507     0.000902134229904
 145.403481579207067    97.283414617905507     0.000902134229904
-145.403481579207067    82.716585382094507     0.000902134229904
-145.403481579207067    97.283414617905507     0.000902134229904
   8.825499745929294    55.721757753899702     0.000902134229904
   8.825499745929294   124.278242246100305     0.000902134229904
  -8.825499745929294    55.721757753899702     0.000902134229904
  -8.825499745929294   124.278242246100305     0.000902134229904
 171.174500254070722    55.721757753899702     0.000902134229904
 171.174500254070722   124.278242246100305     0.000902134229904
-171.174500254070722    55.721757753899702     0.000902134229904
-171.174500254070722   124.278242246100305     0.000902134229904
  55.403481579207053    82.716585382094507     0.000902134229904
  55.403481579207053    97.283414617905507     0.000902134229904
 -55.403481579207053    82.716585382094507     0.000902134229904
 -55.403481579207053    97.283414617905507     0.000902134229904
 124.596518420792933    82.716585382094507     0.000902134229904
 124.596518420792933    97.283414617905507     0.000902134229904
-124.596518420792933    82.716585382094507     0.000902134229904
-124.596518420792933    97.283414617905507     0.000902134229904
  12.685681066988092    35.261186563824943     0.000902134229904
  12.685681066988092   144.738813436175064     0.000902134229904
 -12.685681066988092    35.261186563824943     0.000902134229904
 -12.685681066988092   144.738813436175064     0.000902134229904
 167.314318933011918    35.261186563824943     0.000902134229904
 167.314318933011918   144.738813436175064     0.000902134229904
-167.314318933011918    35.261186563824943     0.000902134229904
-167.314318933011918   144.738813436175064     0.000902134229904
  81.174500254070750    55.721757753899702     0.000902134229904
  81.174500254070750   124.278242246100305     0.000902134229904
 -81.174500254070750    55.721757753899702     0.000902134229904
 -81.174500254070750   124.278242246100305     0.000902134229904
  98.825499745929264    55.721757753899702     0.000902134229904
  98.825499745929264   124.278242246100305     0.000902134229904
 -98.825499745929264    55.721757753899702     0.000902134229904
 -98.825499745929264   124.278242246100305     0.000902134229904
  77.314318933011933    35.261186563824943     0.000902134229904
  77.314318933011933   144.738813436175064     0.000902134229904
 -77.314318933011933    35.261186563824943     0.000902134229904
 -77.314318933011933   144.738813436175064     0.000902134229904
 102.685681066988067    35.261186563824943     0.000902134229904
 102.685681066988067   144.738813436175064     0.000902134229904
-102.685681066988067    35.261186563824943     0.000902134229904
-102.685681066988067   144.738813436175064     0.000902134229904
  34.136366363610030    75.557326258600639     0.000901009167711
  34.136366363610030   104.442673741399361     0.000901009167711
 -34.136366363610030    75.557326258600639     0.000901009167711
 -34.136366363610030   104.442673741399361     0.000901009167711
 145.863633636389977    75.557326258600639     0.000901009167711
 145.863633636389977   104.442673741399361     0.000901009167711
-145.863633636389977    75.557326258600639     0.000901009167711
-145.863633636389977   104.442673741399361     0.000901009167711
  17.284174223161077    57.082535146207462     0.000901009167711
  17.284174223161077   122.917464853792538     0.000901009167711
 -17.284174223161077    57.082535146207462     0.000901009167711
 -17.284174223161077   122.917464853792538     0.000901009167711
 162.715825776838926    57.082535146207462     0.000901009167711
 162.715825776838926   122.917464853792538     0.000901009167711
-162.715825776838926    57.082535146207462     0.000901009167711
-162.715825776838926   122.917464853792538     0.000901009167711
  55.863633636389970    75.557326258600639     0.000901009167711
  55.863633636389970   104.442673741399361     0.000901009167711
 -55.863633636389970    75.557326258600639     0.000901009167711
 -55.863633636389970   104.442673741399361     0.000901009167711
 124.136366363610037    75.557326258600639     0.000901009167711
 124.136366363610037   104.442673741399361     0.000901009167711
-124.136366363610037    75.557326258600639     0.000901009167711
-124.136366363610037   104.442673741399361     0.000901009167711
  24.653092251378077    36.721921087994502     0.000901009167711
  24.653092251378077   143.278078912005498     0.000901009167711
 -24.653092251378077    36.721921087994502     0.000901009167711
 -24.653092251378077   143.278078912005498     0.000901009167711
 155.346907748621931    36.721921087994502     0.000901009167711
 155.346907748621931   143.278078912005498     0.000901009167711
-155.346907748621931    36.721921087994502     0.000901009167711
-155.346907748621931   143.278078912005498     0.000901009167711
  72.715825776838912    57.082535146207462     0.000901009167711
  72.715825776838912   122.917464853792538     0.000901009167711
 -72.715825776838912    57.082535146207462     0.000901009167711
 -72.715825776838912   122.917464853792538     0.000901009167711
 107.284174223161102    57.082535146207462     0.000901009167711
 107.284174223161102   122.917464853792538     0.000901009167711
-107.284174223161102    57.082535146207462     0.000901009167711
-107.284174223161102   122.917464853792538     0.000901009167711
  65.346907748621916    36.721921087994502     0.000901009167711
  65.346907748621916   143.278078912005498     0.000901009167711
 -65.346907748621916    36.721921087994502     0.000901009167711
 -65.346907748621916   143.278078912005498     0.000901009167711
 114.653092251378098    36.721921087994502     0.000901009167711
 114.653092251378098   143.278078912005498     0.000901009167711
-114.653092251378098    36.721921087994502     0.000901009167711
-114.653092251378098   143.278078912005498     0.000901009167711
  33.388686928255275    68.593449589189404     0.000902269293843
  33.388686928255275   111.406550410810610     0.000902269293843
 -33.388686928255275    68.593449589189404     0.000902269293843
 -33.388686928255275   111.406550410810610     0.000902269293843
 146.611313071744718    68.593449589189404     0.000902269293843
 146.611313071744718   111.406550410810610     0.000902269293843
-146.611313071744718    68.593449589189404     0.000902269293843
-146.611313071744718   111.406550410810610     0.000902269293843
  25.150927514158504    59.179387437043033     0.000902269293843
  25.150927514158504   120.820612562956981     0.000902269293843
 -25.150927514158504    59.179387437043033     0.000902269293843
 -25.150927514158504   120.820612562956981     0.000902269293843
 154.849072485841504    59.179387437043033     0.000902269293843
 154.849072485841504   120.820612562956981     0.000902269293843
-154.849072485841504    59.179387437043033     0.000902269293843
-154.849072485841504   120.820612562956981     0.000902269293843
  56.611313071744711    68.593449589189404     0.000902269293843
  56.611313071744711   111.406550410810610     0.000902269293843
 -56.611313071744711    68.593449589189404     0.000902269293843
 -56.611313071744711   111.406550410810610     0.000902269293843
 123.388686928255296    68.593449589189404     0.000902269293843
 123.388686928255296   111.406550410810610     0.000902269293843
-123.388686928255296    68.593449589189404     0.000902269293843
-123.388686928255296   111.406550410810610     0.000902269293843
  35.464867622282476    38.980845376706917     0.000902269293843
  35.464867622282476   141.019154623293105     0.000902269293843
 -35.464867622282476    38.980845376706917     0.000902269293843
 -35.464867622282476   141.019154623293105     0.000902269293843
 144.535132377717503    38.980845376706917     0.000902269293843
 144.535132377717503   141.019154623293105     0.000902269293843
-144.535132377717503    38.980845376706917     0.000902269293843
-144.535132377717503   141.019154623293105     0.000902269293843
  64.849072485841489    59.179387437043033     0.000902269293843
  64.849072485841489   120.820612562956981     0.000902269293843
 -64.849072485841489    59.179387437043033     0.000902269293843
 -64.849072485841489   120.820612562956981     0.000902269293843
 115.150927514158511    59.179387437043033     0.000902269293843
 115.150927514158511   120.820612562956981     0.000902269293843
-115.150927514158511    59.179387437043033     0.000902269293843
-115.150927514158511   120.820612562956981     0.000902269293843
  54.535132377717524    38.980845376706917     0.000902269293843
  54.535132377717524   141.019154623293105     0.000902269293843
 -54.535132377717524    38.980845376706917     0.000902269293843
 -54.535132377717524   141.019154623293105     0.000902269293843
 125.464867622282483    38.980845376706917     0.000902269293843
 125.464867622282483   141.019154623293105     0.000902269293843
-125.464867622282483    38.980845376706917     0.000902269293843
-125.464867622282483   141.019154623293105     0.000902269293843
  39.847892999271743    86.316467519020051     0.000915801617469
  39.847892999271743    93.683532480979963     0.000915801617469
 -39.847892999271743    86.316467519020051     0.000915801617469
 -39.847892999271743    93.683532480979963     0.000915801617469
 140.152107000728279    86.316467519020051     0.000915801617469
 140.152107000728279    93.683532480979963     0.000915801617469
-140.152107000728279    86.316467519020051     0.000915801617469
-140.152107000728279    93.683532480979963     0.000915801617469
   4.793246901647853    50.250822608740727     0.000915801617469
   4.793246901647853   129.749177391259281     0.000915801617469
  -4.793246901647853    50.250822608740727     0.000915801617469
  -4.793246901647853   129.749177391259281     0.000915801617469
 175.206753098352152    50.250822608740727     0.000915801617469
 175.206753098352152   129.749177391259281     0.000915801617469
-175.206753098352152    50.250822608740727     0.000915801617469
-175.206753098352152   129.749177391259281     0.000915801617469
  50.152107000728250    86.316467519020051     0.000915801617469
  50.152107000728250    93.683532480979963     0.000915801617469
 -50.152107000728250    86.316467519020051     0.000915801617469
 -50.152107000728250    93.683532480979963     0.000915801617469
 129.847892999271750    86.316467519020051     0.000915801617469
 129.847892999271750    93.683532480979963     0.000915801617469
-129.847892999271750    86.316467519020051     0.000915801617469
-129.847892999271750    93.683532480979963     0.000915801617469
   5.737446320900358    39.989509436857226     0.000915801617469
   5.737446320900358   140.010490563142781     0.000915801617469
  -5.737446320900358    39.989509436857226     0.000915801617469
  -5.737446320900358   140.010490563142781     0.000915801617469
 174.262553679099625    39.989509436857226     0.000915801617469
 174.262553679099625   140.010490563142781     0.000915801617469
-174.262553679099625    39.989509436857226     0.000915801617469
-174.262553679099625   140.010490563142781     0.000915801617469
  85.206753098352209    50.250822608740727     0.000915801617469
  85.206753098352209   129.749177391259281     0.000915801617469
 -85.206753098352209    50.250822608740727     0.000915801617469
 -85.206753098352209   129.749177391259281     0.000915801617469
  94.793246901647805    50.250822608740727     0.000915801617469
  94.793246901647805   129.749177391259281     0.000915801617469
 -94.793246901647805    50.250822608740727     0.000915801617469
 -94.793246901647805   129.749177391259281     0.000915801617469
  84.262553679099625    39.989509436857226     0.000915801617469
  84.262553679099625   140.010490563142781     0.000915801617469
 -84.262553679099625    39.989509436857226     0.000915801617469
 -84.262553679099625   140.010490563142781     0.000915801617469
  95.737446320900389    39.989509436857226     0.000915801617469
  95.737446320900389   140.010490563142781     0.000915801617469
 -95.737446320900389    39.989509436857226     0.000915801617469
 -95.737446320900389   140.010490563142781     0.000915801617469
  39.694158234381149    79.012092066109133     0.000913157800319
  39.694158234381149   100.987907933890881     0.000913157800319
 -39.694158234381149    79.012092066109133     0.000913157800319
 -39.694158234381149   100.987907933890881     0.000913157800319
 140.305841765618851    79.012092066109133     0.000913157800319
 140.305841765618851   100.987907933890881     0.000913157800319
-140.305841765618851    79.012092066109133     0.000913157800319
-140.305841765618851   100.987907933890881     0.000913157800319
  14.161979976190127    51.172297278208269     0.000913157800319
  14.161979976190127   128.827702721791752     0.000913157800319
 -14.161979976190127    51.172297278208269     0.000913157800319
 -14.161979976190127   128.827702721791752     0.000913157800319
 165.838020023809889    51.172297278208269     0.000913157800319
 165.838020023809889   128.827702721791752     0.000913157800319
-165.838020023809889    51.172297278208269     0.000913157800319
-165.838020023809889   128.827702721791752     0.000913157800319
  50.305841765618851    79.012092066109133     0.000913157800319
  50.305841765618851   100.987907933890881     0.000913157800319
 -50.305841765618851    79.012092066109133     0.000913157800319
 -50.305841765618851   100.987907933890881     0.000913157800319
 129.694158234381149    79.012092066109133     0.000913157800319
 129.694158234381149   100.987907933890881     0.000913157800319
-129.694158234381149    79.012092066109133     0.000913157800319
-129.694158234381149   100.987907933890881     0.000913157800319
  16.909249626113752    40.943302914724697     0.000913157800319
  16.909249626113752   139.056697085275289     0.000913157800319
 -16.909249626113752    40.943302914724697     0.000913157800319
 -16.909249626113752   139.056697085275289     0.000913157800319
 163.090750373886266    40.943302914724697     0.000913157800319
 163.090750373886266   139.056697085275289     0.000913157800319
-163.090750373886266    40.943302914724697     0.000913157800319
-163.090750373886266   139.056697085275289     0.000913157800319
  75.838020023809904    51.172297278208269     0.000913157800319
  75.838020023809904   128.827702721791752     0.000913157800319
 -75.838020023809904    51.172297278208269     0.000913157800319
 -75.838020023809904   128.827702721791752     0.000913157800319
 104.161979976190096    51.172297278208269     0.000913157800319
 104.161979976190096   128.827702721791752     0.000913157800319
-104.161979976190096    51.172297278208269     0.000913157800319
-104.161979976190096   128.827702721791752     0.000913157800319
  73.090750373886237    40.943302914724697     0.000913157800319
  73.090750373886237   139.056697085275289     0.000913157800319
 -73.090750373886237    40.943302914724697     0.000913157800319
 -73.090750373886237   139.056697085275289     0.000913157800319
 106.909249626113777    40.943302914724697     0.000913157800319
 106.909249626113777   139.056697085275289     0.000913157800319
-106.909249626113777    40.943302914724697     0.000913157800319
-106.909249626113777   139.056697085275289     0.000913157800319
  39.392922940633113    71.866773376801845     0.000910781357948
  39.392922940633113   108.133226623198155     0.000910781357948
 -39.392922940633113    71.866773376801845     0.000910781357948
 -39.392922940633113   108.133226623198155     0.000910781357948
 140.607077059366873    71.866773376801845     0.000910781357948
 140.607077059366873   108.133226623198155     0.000910781357948
-140.607077059366873    71.866773376801845     0.000910781357948
-140.607077059366873   108.133226623198155     0.000910781357948
  22.965638032577800    52.906595644256726     0.000910781357948
  22.965638032577800   127.093404355743260     0.000910781357948
 -22.965638032577800    52.906595644256726     0.000910781357948
 -22.965638032577800   127.093404355743260     0.000910781357948
 157.034361967422200    52.906595644256726     0.000910781357948
 157.034361967422200   127.093404355743260     0.000910781357948
-157.034361967422200    52.906595644256726     0.000910781357948
-157.034361967422200   127.093404355743260     0.000910781357948
  50.607077059366894    71.866773376801845     0.000910781357948
  50.607077059366894   108.133226623198155     0.000910781357948
 -50.607077059366894    71.866773376801845     0.000910781357948
 -50.607077059366894   108.133226623198155     0.000910781357948
 129.392922940633099    71.866773376801845     0.000910781357948
 129.392922940633099   108.133226623198155     0.000910781357948
-129.392922940633099    71.866773376801845     0.000910781357948
-129.392922940633099   108.133226623198155     0.000910781357948
  27.295208346634116    42.740877621452881     0.000910781357948
  27.295208346634116   137.259122378547119     0.000910781357948
 -27.295208346634116    42.740877621452881     0.000910781357948
 -27.295208346634116   137.259122378547119     0.000910781357948
 152.704791653365874    42.740877621452881     0.000910781357948
 152.704791653365874   137.259122378547119     0.000910781357948
-152.704791653365874    42.740877621452881     0.000910781357948
-152.704791653365874   137.259122378547119     0.000910781357948
  67.034361967422186    52.906595644256726     0.000910781357948
  67.034361967422186   127.093404355743260     0.000910781357948
 -67.034361967422186    52.906595644256726     0.000910781357948
 -67.034361967422186   127.093404355743260     0.000910781357948
 112.965638032577829    52.906595644256726     0.000910781357948
 112.965638032577829   127.093404355743260     0.000910781357948
-112.965638032577829    52.906595644256726     0.000910781357948
-112.965638032577829   127.093404355743260     0.000910781357948
  62.704791653365895    42.740877621452881     0.000910781357948
  62.704791653365895   137.259122378547119     0.000910781357948
 -62.704791653365895    42.740877621452881     0.000910781357948
 -62.704791653365895   137.259122378547119     0.000910781357948
 117.295208346634112    42.740877621452881     0.000910781357948
 117.295208346634112   137.259122378547119     0.000910781357948
-117.295208346634112    42.740877621452881     0.000910781357948
-117.295208346634112   137.259122378547119     0.000910781357948
  38.949440009952227    64.921190272665342     0.000910576025897
  38.949440009952227   115.078809727334658     0.000910576025897
 -38.949440009952227    64.921190272665342     0.000910576025897
 -38.949440009952227   115.078809727334658     0.000910576025897
 141.050559990047759    64.921190272665342     0.000910576025897
 141.050559990047759   115.078809727334658     0.000910576025897
-141.050559990047759    64.921190272665342     0.000910576025897
-141.050559990047759   115.078809727334658     0.000910576025897
  31.037519892707920    55.293676972527564     0.000910576025897
  31.037519892707920   124.706323027472450     0.000910576025897
 -31.037519892707920    55.293676972527564     0.000910576025897
 -31.037519892707920   124.706323027472450     0.000910576025897
 148.962480107292095    55.293676972527564     0.000910576025897
 148.962480107292095   124.706323027472450     0.000910576025897
-148.962480107292095    55.293676972527564     0.000910576025897
-148.962480107292095   124.706323027472450     0.000910576025897
  51.050559990047773    64.921190272665342     0.000910576025897
  51.050559990047773   115.078809727334658     0.000910576025897
 -51.050559990047773    64.921190272665342     0.000910576025897
 -51.050559990047773   115.078809727334658     0.000910576025897
 128.949440009952241    64.921190272665342     0.000910576025897
 128.949440009952241   115.078809727334658     0.000910576025897
-128.949440009952241    64.921190272665342     0.000910576025897
-128.949440009952241   115.078809727334658     0.000910576025897
  36.665632816465269    45.220222923604226     0.000910576025897
  36.665632816465269   134.779777076395789     0.000910576025897
 -36.665632816465269    45.220222923604226     0.000910576025897
 -36.665632816465269   134.779777076395789     0.000910576025897
 143.334367183534738    45.220222923604226     0.000910576025897
 143.334367183534738   134.779777076395789     0.000910576025897
-143.334367183534738    45.220222923604226     0.000910576025897
-143.334367183534738   134.779777076395789     0.000910576025897
  58.962480107292087    55.293676972527564     0.000910576025897
  58.962480107292087   124.706323027472450     0.000910576025897
 -58.962480107292087    55.293676972527564     0.000910576025897
 -58.962480107292087   124.706323027472450     0.000910576025897
 121.037519892707920    55.293676972527564     0.000910576025897
 121.037519892707920   124.706323027472450     0.000910576025897
-121.037519892707920    55.293676972527564     0.000910576025897
-121.037519892707920   124.706323027472450     0.000910576025897
  53.334367183534738    45.220222923604226     0.000910576025897
  53.334367183534738   134.779777076395789     0.000910576025897
 -53.334367183534738    45.220222923604226     0.000910576025897
 -53.334367183534738   134.779777076395789     0.000910576025897
 126.665632816465276    45.220222923604226     0.000910576025897
 126.665632816465276   134.779777076395789     0.000910576025897
-126.665632816465276    45.220222923604226     0.000910576025897
-126.665632816465276   134.779777076395789     0.000910576025897
